1	的	627944940	0.0503446
2	一	160275587	0.0631945
3	是	151721132	0.0753585
4	在	123160767	0.0852328
5	人	117586682	0.0946601
6	有	117001906	0.104041
7	国	116246262	0.113361
8	中	112850324	0.122408
9	了	105351931	0.130855
10	不	100698295	0.138928
11	和	94723352	0.146522
12	年	94052143	0.154063
13	为	83896874	0.160789
14	这	79770783	0.167185
15	个	75416851	0.173231
16	业	74917832	0.179237
17	会	74450929	0.185206
18	以	68179853	0.190673
19	发	65446431	0.19592
20	大	65438173	0.201166
21	要	63579124	0.206264
22	作	63313708	0.21134
23	我	61639240	0.216281
24	学	61510596	0.221213
25	对	59538137	0.225986
26	行	59489311	0.230756
27	生	57755479	0.235386
28	上	57245442	0.239976
29	经	56390709	0.244497
30	地	55971265	0.248984
31	出	54664631	0.253367
32	他	54262088	0.257717
33	们	51877114	0.261877
34	时	50746461	0.265945
35	工	50621486	0.270004
36	法	49838536	0.273999
37	理	49516296	0.277969
38	方	48373593	0.281848
39	政	48345739	0.285724
40	于	48088149	0.289579
41	民	47401854	0.293379
42	主	47236236	0.297167
43	成	47022588	0.300936
44	产	46637306	0.304676
45	到	45462738	0.30832
46	来	44377007	0.311878
47	能	44169477	0.31542
48	现	43827986	0.318933
49	定	43680024	0.322435
50	实	43072357	0.325889
51	化	43045491	0.32934
52	可	42522245	0.332749
53	进	41813785	0.336101
54	用	41085802	0.339395
55	展	40315540	0.342628
56	社	40199428	0.345851
57	制	39791165	0.349041
58	分	39402110	0.3522
59	家	39185448	0.355341
60	其	38627923	0.358438
61	种	38175025	0.361499
62	关	38082968	0.364552
63	而	37829408	0.367585
64	资	37776274	0.370614
65	第	36695854	0.373556
66	文	36691099	0.376497
67	部	36680536	0.379438
68	与	36551549	0.382369
69	动	36447884	0.385291
70	同	36328106	0.388203
71	也	36159108	0.391102
72	自	36022272	0.393991
73	本	35732929	0.396855
74	体	35360033	0.39969
75	公	34665449	0.40247
76	就	33980710	0.405194
77	力	33702280	0.407896
78	性	33489726	0.410581
79	过	33004399	0.413227
80	重	31998353	0.415792
81	多	31841497	0.418345
82	后	31606620	0.420879
83	市	30757225	0.423345
84	面	30616165	0.4258
85	济	30560601	0.42825
86	全	30537791	0.430698
87	所	30492125	0.433143
88	事	30298744	0.435572
89	月	30021490	0.437979
90	建	29938704	0.440379
91	度	29850453	0.442773
92	系	29523141	0.44514
93	说	29312124	0.44749
94	之	29114266	0.449824
95	合	27901389	0.452061
96	日	27554296	0.45427
97	务	27478785	0.456473
98	下	27433898	0.458672
99	者	27355485	0.460866
100	代	27153490	0.463043
101	开	27144217	0.465219
102	因	26981361	0.467382
103	得	26223286	0.469485
104	新	25960501	0.471566
105	义	25828024	0.473637
106	教	25744475	0.475701
107	加	25735846	0.477764
108	当	25585918	0.479815
109	十	25387149	0.481851
110	提	25306695	0.48388
111	应	25192471	0.485899
112	机	24832116	0.48789
113	规	24429625	0.489849
114	企	24405947	0.491806
115	但	24312933	0.493755
116	如	24193567	0.495694
117	设	24177413	0.497633
118	间	24171806	0.499571
119	员	23792234	0.501478
120	管	23742637	0.503382
121	题	23691084	0.505281
122	然	23675916	0.507179
123	些	23605432	0.509072
124	研	23426374	0.51095
125	从	23292562	0.512818
126	意	23224288	0.51468
127	基	23124790	0.516534
128	外	23058695	0.518382
129	问	22989877	0.520225
130	内	22872796	0.522059
131	利	22794924	0.523887
132	并	22601295	0.525699
133	区	22571747	0.527509
134	此	22385456	0.529303
135	究	22189142	0.531082
136	程	22144183	0.532858
137	表	21751300	0.534601
138	高	21725146	0.536343
139	立	21336293	0.538054
140	保	21191673	0.539753
141	通	21167542	0.54145
142	长	21018417	0.543135
143	术	20993822	0.544818
144	由	20940544	0.546497
145	都	20796156	0.548164
146	及	20685476	0.549823
147	统	20443480	0.551462
148	场	20291338	0.553089
149	相	20206165	0.554709
150	期	20095992	0.55632
151	结	20037790	0.557926
152	活	19993917	0.559529
153	目	19668735	0.561106
154	等	19514446	0.562671
155	使	19425311	0.564228
156	式	19278711	0.565774
157	最	19130374	0.567308
158	还	19049906	0.568835
159	各	19010227	0.570359
160	权	18946485	0.571878
161	农	18922489	0.573395
162	司	18898318	0.57491
163	品	18838202	0.576421
164	计	18800463	0.577928
165	前	18739715	0.57943
166	特	18670129	0.580927
167	明	18624946	0.58242
168	没	18395684	0.583895
169	样	18384618	0.585369
170	组	18340429	0.58684
171	三	18337766	0.58831
172	认	18296186	0.589777
173	点	18191817	0.591235
174	情	18128894	0.592689
175	二	17603325	0.5941
176	位	17554927	0.595507
177	论	17464243	0.596908
178	形	17464122	0.598308
179	改	17442230	0.599706
180	构	17436113	0.601104
181	量	17413889	0.6025
182	技	17382423	0.603894
183	着	17000220	0.605257
184	科	16892368	0.606611
185	育	16831570	0.607961
186	物	16748789	0.609303
187	解	16672274	0.61064
188	条	16397961	0.611955
189	果	16376204	0.613268
190	任	16349904	0.614579
191	信	16313502	0.615886
192	数	16297784	0.617193
193	心	16257713	0.618497
194	件	16256594	0.6198
195	起	16189987	0.621098
196	么	16121279	0.62239
197	世	16027579	0.623675
198	想	16013260	0.624959
199	增	16007293	0.626243
200	子	15921956	0.627519
201	平	15913240	0.628795
202	府	15901027	0.63007
203	治	15891048	0.631344
204	或	15881342	0.632617
205	决	15863938	0.633889
206	正	15847222	0.63516
207	元	15752964	0.636422
208	次	15647648	0.637677
209	强	15371777	0.638909
210	美	15331318	0.640139
211	求	15281118	0.641364
212	具	15226297	0.642584
213	导	15181561	0.643802
214	据	14945950	0.645
215	际	14855390	0.646191
216	道	14801894	0.647378
217	知	14788199	0.648563
218	比	14732538	0.649744
219	变	14728551	0.650925
220	共	14690314	0.652103
221	识	14687008	0.653281
222	好	14604932	0.654451
223	己	14532950	0.655617
224	标	14392161	0.656771
225	将	14342966	0.65792
226	思	14133424	0.659054
227	很	14041277	0.660179
228	金	14024222	0.661304
229	它	14021388	0.662428
230	看	13959921	0.663547
231	那	13878228	0.66466
232	价	13765784	0.665763
233	原	13603311	0.666854
234	界	13494374	0.667936
235	向	13396750	0.66901
236	革	13333437	0.670079
237	两	13268420	0.671143
238	持	13235377	0.672204
239	战	13223097	0.673264
240	收	13194793	0.674322
241	议	13184545	0.675379
242	更	13169057	0.676435
243	总	13136161	0.677488
244	报	13127356	0.67854
245	史	13063694	0.679588
246	观	13059345	0.680635
247	影	13048133	0.681681
248	调	12988814	0.682722
249	只	12980481	0.683763
250	电	12974460	0.684803
251	小	12935042	0.68584
252	指	12853560	0.686871
253	确	12764923	0.687894
254	质	12742684	0.688916
255	织	12607049	0.689926
256	里	12566008	0.690934
257	项	12373340	0.691926
258	商	12323847	0.692914
259	院	12260903	0.693897
260	传	12244457	0.694879
261	必	12232716	0.695859
262	无	12130660	0.696832
263	处	12125021	0.697804
264	需	12124844	0.698776
265	交	12069166	0.699744
266	历	12055823	0.70071
267	则	12055094	0.701677
268	况	12030591	0.702641
269	效	11999844	0.703603
270	受	11954307	0.704562
271	常	11900596	0.705516
272	口	11869426	0.706468
273	领	11849091	0.707418
274	步	11820219	0.708365
275	争	11775850	0.709309
276	造	11744873	0.710251
277	取	11718365	0.711191
278	别	11697301	0.712128
279	已	11650258	0.713062
280	接	11586011	0.713991
281	门	11508955	0.714914
282	策	11493649	0.715836
283	完	11486595	0.716756
284	天	11450402	0.717674
285	投	11357122	0.718585
286	创	11332352	0.719494
287	较	11319143	0.720401
288	运	11309447	0.721308
289	版	11243768	0.722209
290	少	11127613	0.723101
291	类	11126899	0.723993
292	证	11125417	0.724885
293	准	11115406	0.725777
294	级	11098529	0.726666
295	存	11053309	0.727553
296	服	10943103	0.72843
297	集	10905172	0.729304
298	入	10895759	0.730178
299	党	10720250	0.731037
300	专	10694467	0.731895
301	反	10685654	0.732751
302	办	10677067	0.733607
303	营	10674864	0.734463
304	西	10644079	0.735317
305	施	10592900	0.736166
306	你	10579367	0.737014
307	整	10570881	0.737862
308	城	10550445	0.738707
309	源	10532017	0.739552
310	万	10514291	0.740395
311	值	10510532	0.741237
312	律	10502509	0.742079
313	委	10497424	0.742921
314	书	10481436	0.743761
315	单	10458436	0.7446
316	境	10316880	0.745427
317	至	10308614	0.746254
318	益	10275776	0.747077
319	水	10272981	0.747901
320	联	10203342	0.748719
321	响	10090222	0.749528
322	名	10043902	0.750333
323	安	10038888	0.751138
324	职	9978347	0.751938
325	息	9933206	0.752735
326	根	9844850	0.753524
327	先	9842923	0.754313
328	东	9834940	0.755101
329	达	9729233	0.755881
330	该	9630014	0.756654
331	被	9617011	0.757425
332	格	9598352	0.758194
333	环	9498700	0.758956
334	划	9479400	0.759716
335	供	9464533	0.760474
336	费	9460723	0.761233
337	去	9430122	0.761989
338	族	9361684	0.76274
339	命	9321074	0.763487
340	什	9315895	0.764234
341	流	9291073	0.764979
342	象	9269565	0.765722
343	把	9191015	0.766459
344	海	9174407	0.767194
345	模	8977203	0.767914
346	广	8952315	0.768632
347	选	8951864	0.769349
348	四	8950634	0.770067
349	非	8921319	0.770782
350	参	8914237	0.771497
351	范	8890314	0.77221
352	态	8869547	0.772921
353	身	8810472	0.773627
354	见	8774661	0.774331
355	视	8756476	0.775033
356	北	8746556	0.775734
357	村	8731119	0.776434
358	易	8701034	0.777132
359	限	8694163	0.777829
360	直	8670859	0.778524
361	且	8637789	0.779216
362	支	8592521	0.779905
363	容	8561901	0.780592
364	做	8552627	0.781277
365	放	8550811	0.781963
366	始	8543318	0.782648
367	极	8511542	0.78333
368	考	8504504	0.784012
369	责	8413210	0.784687
370	话	8369637	0.785358
371	军	8351260	0.786027
372	段	8346060	0.786696
373	许	8288582	0.787361
374	势	8274308	0.788024
375	础	8271414	0.788687
376	给	8259321	0.78935
377	案	8222572	0.790009
378	局	8178451	0.790665
379	料	8113970	0.791315
380	五	8103400	0.791965
381	推	8047357	0.79261
382	包	7998225	0.793251
383	告	7946385	0.793888
384	才	7916058	0.794523
385	协	7909043	0.795157
386	真	7906014	0.795791
387	护	7882325	0.796423
388	转	7863810	0.797053
389	备	7812401	0.79768
390	众	7791815	0.798304
391	域	7717779	0.798923
392	记	7705323	0.799541
393	感	7692300	0.800158
394	型	7671375	0.800773
395	须	7643589	0.801385
396	何	7592631	0.801994
397	难	7589410	0.802603
398	精	7586577	0.803211
399	财	7567211	0.803818
400	断	7531021	0.804421
401	仅	7526594	0.805025
402	几	7472410	0.805624
403	她	7443988	0.806221
404	积	7442356	0.806817
405	消	7433308	0.807413
406	率	7421972	0.808008
407	路	7402431	0.808602
408	验	7388558	0.809194
409	阶	7372213	0.809785
410	神	7372029	0.810376
411	言	7366151	0.810967
412	即	7357294	0.811557
413	险	7287066	0.812141
414	示	7271956	0.812724
415	团	7189030	0.8133
416	续	7185532	0.813876
417	节	7133099	0.814448
418	显	7062081	0.815015
419	优	7047983	0.81558
420	京	6983309	0.816139
421	采	6960450	0.816698
422	又	6925729	0.817253
423	纪	6909481	0.817807
424	女	6889325	0.818359
425	每	6861301	0.818909
426	例	6854424	0.819459
427	深	6805121	0.820004
428	手	6787950	0.820549
429	语	6752929	0.82109
430	回	6724712	0.821629
431	念	6684196	0.822165
432	评	6672230	0.8227
433	复	6659410	0.823234
434	监	6575977	0.823761
435	校	6538780	0.824285
436	依	6503051	0.824807
437	注	6492601	0.825327
438	劳	6436306	0.825843
439	切	6434969	0.826359
440	约	6419196	0.826874
441	省	6378333	0.827385
442	引	6345573	0.827894
443	析	6345136	0.828403
444	失	6299670	0.828908
445	央	6291392	0.829412
446	批	6278284	0.829915
447	括	6249659	0.830417
448	素	6246028	0.830917
449	网	6236524	0.831417
450	层	6176799	0.831912
451	台	6174997	0.832408
452	功	6135996	0.8329
453	队	6124353	0.833391
454	照	6112201	0.833881
455	南	6102688	0.83437
456	群	6100319	0.834859
457	今	6083211	0.835347
458	审	6051430	0.835832
459	斯	6045621	0.836317
460	严	6027103	0.8368
461	助	6010840	0.837282
462	算	5995418	0.837762
463	税	5968076	0.838241
464	致	5906056	0.838714
465	往	5873336	0.839185
466	越	5834415	0.839653
467	土	5831395	0.84012
468	述	5817514	0.840587
469	查	5804553	0.841052
470	图	5792472	0.841517
471	华	5778626	0.84198
472	干	5772901	0.842443
473	艺	5749967	0.842904
474	师	5731922	0.843363
475	控	5730739	0.843823
476	再	5709962	0.844281
477	字	5696785	0.844737
478	略	5688167	0.845193
479	快	5646512	0.845646
480	适	5635231	0.846098
481	风	5552389	0.846543
482	未	5529736	0.846986
483	亿	5515843	0.847429
484	近	5505875	0.84787
485	银	5504526	0.848311
486	候	5496033	0.848752
487	举	5487554	0.849192
488	承	5484145	0.849632
489	另	5470459	0.85007
490	按	5460102	0.850508
491	习	5419770	0.850942
492	充	5404877	0.851376
493	围	5403568	0.851809
494	融	5386660	0.852241
495	股	5377089	0.852672
496	布	5338055	0.8531
497	配	5334521	0.853528
498	色	5320675	0.853954
499	执	5305999	0.85438
500	足	5289295	0.854804
501	维	5196999	0.85522
502	获	5192768	0.855637
503	医	5176319	0.856052
504	速	5175881	0.856467
505	低	5154124	0.85688
506	序	5130696	0.857291
507	款	5095711	0.8577
508	预	5094199	0.858108
509	六	5090529	0.858516
510	除	5064908	0.858922
511	贸	5063773	0.859328
512	状	5015079	0.85973
513	份	4989310	0.86013
514	带	4986357	0.86053
515	置	4962531	0.860928
516	检	4912834	0.861322
517	章	4905679	0.861715
518	负	4902643	0.862108
519	列	4895200	0.862501
520	初	4885309	0.862892
521	百	4870451	0.863283
522	竞	4869716	0.863673
523	察	4812939	0.864059
524	善	4798324	0.864444
525	销	4793651	0.864828
526	户	4792932	0.865213
527	培	4788727	0.865596
528	差	4786199	0.86598
529	随	4777812	0.866363
530	够	4775731	0.866746
531	突	4768590	0.867128
532	空	4767855	0.867511
533	老	4763359	0.867893
534	清	4730566	0.868272
535	车	4702435	0.868649
536	首	4699319	0.869026
537	编	4636062	0.869397
538	讨	4611145	0.869767
539	克	4569198	0.870133
540	否	4567007	0.870499
541	判	4557117	0.870865
542	觉	4515355	0.871227
543	德	4501360	0.871588
544	般	4493206	0.871948
545	担	4490339	0.872308
546	均	4470906	0.872666
547	终	4464557	0.873024
548	互	4464230	0.873382
549	独	4462216	0.87374
550	请	4440220	0.874096
551	望	4439164	0.874452
552	九	4436281	0.874808
553	志	4399301	0.87516
554	气	4385638	0.875512
555	住	4385533	0.875864
556	额	4369554	0.876214
557	择	4355292	0.876563
558	促	4327263	0.87691
559	打	4289447	0.877254
560	客	4279804	0.877597
561	线	4277584	0.87794
562	征	4247100	0.87828
563	器	4234080	0.87862
564	养	4228516	0.878959
565	普	4220514	0.879297
566	防	4219061	0.879636
567	核	4213190	0.879973
568	称	4178159	0.880308
569	居	4171920	0.880643
570	尔	4155653	0.880976
571	占	4128822	0.881307
572	古	4127252	0.881638
573	让	4124697	0.881969
574	七	4108853	0.882298
575	扩	4105788	0.882627
576	满	4105056	0.882956
577	继	4087980	0.883284
578	督	4080007	0.883611
579	亲	4072223	0.883938
580	虽	4066023	0.884264
581	离	4052484	0.884589
582	训	4043858	0.884913
583	某	4043357	0.885237
584	密	4028557	0.88556
585	害	4024904	0.885883
586	尽	4024020	0.886205
587	士	3970299	0.886524
588	写	3966375	0.886842
589	属	3919877	0.887156
590	远	3861996	0.887465
591	亚	3856649	0.887775
592	试	3853764	0.888084
593	诉	3851696	0.888392
594	坚	3847619	0.888701
595	走	3846601	0.889009
596	页	3844497	0.889318
597	乐	3834853	0.889625
598	八	3816760	0.889931
599	游	3800993	0.890236
600	仍	3774694	0.890538
601	逐	3772563	0.890841
602	降	3768117	0.891143
603	落	3762542	0.891445
604	困	3755884	0.891746
605	材	3749870	0.892046
606	挥	3749019	0.892347
607	便	3746827	0.892647
608	头	3744415	0.892948
609	止	3723192	0.893246
610	儿	3712050	0.893544
611	房	3707424	0.893841
612	络	3703754	0.894138
613	马	3701107	0.894435
614	演	3698530	0.894731
615	货	3685534	0.895027
616	予	3678373	0.895321
617	障	3645947	0.895614
618	排	3602726	0.895903
619	缺	3595972	0.896191
620	减	3593537	0.896479
621	山	3552300	0.896764
622	富	3541100	0.897048
623	措	3536625	0.897331
624	宣	3534051	0.897615
625	稳	3529690	0.897898
626	庭	3510653	0.898179
627	超	3506181	0.89846
628	移	3504077	0.898741
629	球	3502212	0.899022
630	读	3495507	0.899302
631	边	3485896	0.899582
632	号	3478359	0.89986
633	英	3476589	0.900139
634	卫	3451255	0.900416
635	乡	3436782	0.900691
636	故	3419267	0.900966
637	测	3415542	0.901239
638	概	3408498	0.901513
639	破	3400808	0.901785
640	斗	3385743	0.902057
641	病	3385728	0.902328
642	张	3364430	0.902598
643	岁	3359103	0.902867
644	官	3353727	0.903136
645	食	3349194	0.903405
646	怎	3347265	0.903673
647	击	3346442	0.903941
648	罪	3335284	0.904209
649	乎	3330334	0.904476
650	践	3330244	0.904743
651	角	3326534	0.905009
652	景	3326525	0.905276
653	却	3325197	0.905543
654	补	3323767	0.905809
655	周	3308035	0.906074
656	谈	3304404	0.906339
657	购	3280840	0.906602
658	似	3279322	0.906865
659	像	3268732	0.907127
660	犯	3263343	0.907389
661	装	3254048	0.90765
662	修	3252499	0.907911
663	镇	3250910	0.908171
664	售	3232882	0.90843
665	太	3232466	0.90869
666	升	3225564	0.908948
667	印	3211931	0.909206
668	映	3203043	0.909463
669	甚	3191114	0.909718
670	州	3154746	0.909971
671	杂	3147250	0.910224
672	虑	3138409	0.910475
673	简	3130426	0.910726
674	兴	3123902	0.910977
675	释	3106321	0.911226
676	音	3095899	0.911474
677	健	3061680	0.911719
678	馆	3045407	0.911964
679	筑	3045383	0.912208
680	献	3031337	0.912451
681	余	3029924	0.912694
682	异	3024375	0.912936
683	片	3018095	0.913178
684	疗	3008289	0.913419
685	讲	2969375	0.913657
686	剧	2963908	0.913895
687	良	2954835	0.914132
688	孩	2949237	0.914368
689	损	2946208	0.914605
690	江	2942009	0.91484
691	洲	2941090	0.915076
692	底	2934510	0.915312
693	留	2931589	0.915547
694	闻	2930107	0.915781
695	哲	2920174	0.916016
696	录	2907976	0.916249
697	席	2904998	0.916482
698	米	2897598	0.916714
699	令	2894688	0.916946
700	综	2888588	0.917178
701	危	2886328	0.917409
702	辑	2863902	0.917639
703	介	2863247	0.917868
704	激	2857561	0.918097
705	针	2854005	0.918326
706	绝	2853786	0.918555
707	探	2824514	0.918781
708	希	2810300	0.919007
709	早	2806863	0.919232
710	待	2804298	0.919457
711	课	2772850	0.919679
712	连	2771314	0.919901
713	播	2767132	0.920123
714	免	2748609	0.920343
715	死	2742781	0.920563
716	找	2730907	0.920782
717	纳	2730797	0.921001
718	林	2716051	0.921219
719	符	2706669	0.921436
720	努	2686337	0.921651
721	紧	2661966	0.921865
722	细	2656514	0.922078
723	光	2644262	0.92229
724	听	2637358	0.922501
725	旅	2633480	0.922712
726	申	2627042	0.922923
727	付	2622675	0.923133
728	青	2621157	0.923343
729	室	2607657	0.923552
730	欧	2603431	0.923761
731	港	2601813	0.92397
732	抗	2599918	0.924178
733	轻	2584862	0.924385
734	宗	2580374	0.924592
735	索	2567346	0.924798
736	输	2554413	0.925003
737	币	2542518	0.925207
738	愿	2541722	0.92541
739	拉	2533334	0.925614
740	届	2529938	0.925816
741	盾	2523026	0.926019
742	临	2518142	0.926221
743	副	2503622	0.926421
744	双	2497513	0.926621
745	既	2466709	0.926819
746	母	2464537	0.927017
747	私	2461858	0.927214
748	固	2453309	0.927411
749	典	2430922	0.927606
750	湾	2430612	0.927801
751	刑	2429986	0.927995
752	千	2419452	0.928189
753	矛	2416952	0.928383
754	追	2407132	0.928576
755	尤	2406984	0.928769
756	曾	2394933	0.928961
757	康	2380433	0.929152
758	父	2374489	0.929342
759	友	2369250	0.929532
760	涉	2361120	0.929722
761	烈	2358173	0.929911
762	束	2358064	0.9301
763	疑	2355977	0.930289
764	刻	2355520	0.930478
765	贷	2354122	0.930666
766	遍	2351427	0.930855
767	热	2351179	0.931043
768	压	2343406	0.931231
769	药	2340897	0.931419
770	换	2332864	0.931606
771	误	2331923	0.931793
772	违	2329806	0.93198
773	授	2328638	0.932166
774	债	2323865	0.932353
775	眼	2306679	0.932538
776	握	2288823	0.932721
777	半	2265241	0.932903
778	励	2263982	0.933084
779	声	2245486	0.933264
780	汇	2242168	0.933444
781	趋	2229658	0.933623
782	久	2226901	0.933801
783	巨	2223816	0.93398
784	武	2222655	0.934158
785	殊	2221205	0.934336
786	冲	2216641	0.934514
787	派	2200491	0.93469
788	错	2183877	0.934865
789	爱	2141761	0.935037
790	福	2139319	0.935208
791	渐	2138022	0.93538
792	词	2137216	0.935551
793	衡	2136803	0.935722
794	召	2114840	0.935892
795	厂	2112742	0.936061
796	背	2102684	0.93623
797	载	2095175	0.936398
798	托	2088652	0.936565
799	彻	2080283	0.936732
800	泛	2063330	0.936898
801	香	2062382	0.937063
802	含	2059767	0.937228
803	呢	2050654	0.937392
804	丰	2047568	0.937557
805	帮	2045802	0.937721
806	估	2041552	0.937884
807	订	2036135	0.938048
808	欢	2034452	0.938211
809	妇	2032830	0.938374
810	买	2032558	0.938537
811	威	2032342	0.9387
812	夫	2029628	0.938862
813	享	2027481	0.939025
814	媒	2025171	0.939187
815	拥	1991404	0.939347
816	遇	1991104	0.939506
817	站	1990610	0.939666
818	靠	1986969	0.939825
819	著	1975165	0.939984
820	罗	1975138	0.940142
821	苏	1967218	0.9403
822	石	1963205	0.940457
823	票	1961084	0.940614
824	遗	1944325	0.94077
825	偿	1940174	0.940926
826	博	1922091	0.94108
827	档	1913103	0.941233
828	券	1912850	0.941387
829	访	1911839	0.94154
830	顾	1909756	0.941693
831	罚	1903559	0.941846
832	吸	1902684	0.941998
833	刊	1899788	0.942151
834	退	1888867	0.942302
835	键	1877142	0.942453
836	右	1875469	0.942603
837	乏	1875161	0.942753
838	白	1859769	0.942902
839	登	1851356	0.943051
840	味	1846931	0.943199
841	染	1840392	0.943346
842	避	1826198	0.943493
843	短	1822144	0.943639
844	卷	1807827	0.943784
845	借	1806428	0.943929
846	答	1804544	0.944073
847	句	1798807	0.944218
848	左	1798041	0.944362
849	贫	1786945	0.944505
850	败	1786382	0.944648
851	苦	1785418	0.944791
852	诗	1785239	0.944934
853	朝	1774568	0.945077
854	婚	1772925	0.945219
855	河	1769152	0.945361
856	男	1761619	0.945502
857	裁	1759857	0.945643
858	喜	1747128	0.945783
859	绍	1739762	0.945923
860	绩	1739620	0.946062
861	操	1737352	0.946201
862	救	1720107	0.946339
863	班	1717595	0.946477
864	秘	1716681	0.946615
865	油	1709830	0.946752
866	侵	1702868	0.946888
867	谓	1693616	0.947024
868	径	1691443	0.94716
869	贡	1683762	0.947295
870	亡	1675083	0.947429
871	汽	1674587	0.947563
872	迅	1674113	0.947697
873	签	1668190	0.947831
874	县	1666882	0.947965
875	途	1658791	0.948098
876	库	1658575	0.948231
877	坏	1653196	0.948363
878	弱	1650326	0.948496
879	讼	1646642	0.948628
880	粮	1644600	0.948759
881	鉴	1632268	0.94889
882	贯	1621460	0.94902
883	戏	1618634	0.94915
884	停	1618196	0.94928
885	兰	1606514	0.949409
886	兵	1603758	0.949537
887	附	1599155	0.949665
888	盟	1596257	0.949793
889	牌	1595027	0.949921
890	晚	1594388	0.950049
891	胜	1591954	0.950177
892	距	1591812	0.950304
893	伤	1588810	0.950432
894	毕	1581824	0.950559
895	归	1568342	0.950684
896	泽	1550379	0.950809
897	迫	1547267	0.950933
898	鼓	1546976	0.951057
899	巴	1545176	0.951181
900	纷	1545013	0.951304
901	假	1536380	0.951428
902	套	1525195	0.95155
903	钱	1523291	0.951672
904	航	1522493	0.951794
905	警	1520908	0.951916
906	肯	1515247	0.952037
907	延	1499225	0.952158
908	熟	1497472	0.952278
909	描	1496109	0.952398
910	哪	1491247	0.952517
911	软	1482918	0.952636
912	尚	1482129	0.952755
913	寻	1477392	0.952873
914	画	1476476	0.952992
915	灵	1474022	0.95311
916	储	1471658	0.953228
917	若	1467394	0.953346
918	招	1456673	0.953462
919	倾	1456281	0.953579
920	园	1454324	0.953696
921	册	1453949	0.953812
922	封	1448959	0.953928
923	练	1443221	0.954044
924	顺	1437008	0.954159
925	幅	1431411	0.954274
926	植	1428573	0.954389
927	陆	1427754	0.954503
928	鲜	1426352	0.954618
929	灾	1424444	0.954732
930	掌	1423815	0.954846
931	楚	1423088	0.95496
932	花	1417499	0.955074
933	吗	1404778	0.955186
934	奖	1395495	0.955298
935	恢	1392881	0.95541
936	急	1392165	0.955521
937	散	1386997	0.955633
938	污	1386971	0.955744
939	洋	1381456	0.955855
940	守	1378916	0.955965
941	俄	1368145	0.956075
942	汉	1366546	0.956184
943	帝	1360484	0.956293
944	草	1353066	0.956402
945	篇	1351082	0.95651
946	座	1350558	0.956619
947	伍	1350153	0.956727
948	毛	1348622	0.956835
949	歌	1347137	0.956943
950	伦	1336165	0.95705
951	趣	1331782	0.957157
952	星	1331459	0.957264
953	朋	1309908	0.957369
954	阳	1307856	0.957473
955	攻	1304522	0.957578
956	曲	1300757	0.957682
957	尼	1298760	0.957786
958	童	1298561	0.957891
959	署	1295652	0.957994
960	波	1291350	0.958098
961	零	1286004	0.958201
962	跨	1282307	0.958304
963	累	1281654	0.958407
964	框	1278748	0.958509
965	架	1276041	0.958611
966	宪	1273190	0.958714
967	休	1262217	0.958815
968	阿	1257975	0.958916
969	询	1254696	0.959016
970	飞	1254439	0.959117
971	繁	1254280	0.959217
972	械	1247091	0.959317
973	惯	1242046	0.959417
974	秩	1240724	0.959516
975	卖	1235458	0.959615
976	荣	1231025	0.959714
977	送	1229303	0.959813
978	午	1228788	0.959911
979	火	1227782	0.96001
980	彩	1225693	0.960108
981	端	1224760	0.960206
982	贵	1220690	0.960304
983	刚	1216800	0.960401
984	秀	1211444	0.960499
985	伊	1190818	0.960594
986	脱	1190052	0.960689
987	宏	1189202	0.960785
988	舞	1187175	0.96088
989	俗	1185922	0.960975
990	启	1184114	0.96107
991	逻	1183206	0.961165
992	智	1181476	0.96126
993	奇	1180446	0.961354
994	笔	1179961	0.961449
995	末	1179655	0.961543
996	抓	1179370	0.961638
997	诸	1175280	0.961732
998	潜	1171159	0.961826
999	露	1170221	0.96192
1000	译	1163709	0.962013
1001	店	1162818	0.962106
1002	微	1161443	0.9622
1003	恐	1161233	0.962293
1004	尊	1160078	0.962386
1005	红	1147386	0.962478
1006	遵	1145095	0.962569
1007	铁	1142510	0.962661
1008	跟	1140476	0.962752
1009	拓	1139120	0.962844
1010	拟	1138191	0.962935
1011	挑	1137042	0.963026
1012	筹	1135241	0.963117
1013	块	1129869	0.963208
1014	厘	1120506	0.963298
1015	宁	1114662	0.963387
1016	忽	1111779	0.963476
1017	暴	1109996	0.963565
1018	赛	1107950	0.963654
1019	怀	1107693	0.963743
1020	聚	1102243	0.963831
1021	藏	1096403	0.963919
1022	伟	1095274	0.964007
1023	透	1090176	0.964094
1024	租	1082152	0.964181
1025	龄	1079689	0.964268
1026	碍	1077580	0.964354
1027	弹	1073152	0.96444
1028	纸	1065772	0.964525
1029	沿	1061384	0.964611
1030	岗	1058671	0.964695
1031	脑	1058248	0.96478
1032	竟	1057823	0.964865
1033	怕	1055367	0.96495
1034	禁	1052757	0.965034
1035	黑	1051965	0.965118
1036	痛	1050883	0.965203
1037	乱	1045916	0.965287
1038	援	1042425	0.96537
1039	宽	1041371	0.965454
1040	幸	1036923	0.965537
1041	永	1036858	0.96562
1042	允	1035706	0.965703
1043	弃	1035286	0.965786
1044	纠	1027526	0.965868
1045	迁	1026149	0.965951
1046	董	1021009	0.966032
1047	季	1019647	0.966114
1048	岸	1018363	0.966196
1049	妈	1017995	0.966277
1050	顿	1012753	0.966359
1051	沉	1010864	0.96644
1052	遭	1007557	0.96652
1053	抵	1006865	0.966601
1054	迹	997055	0.966681
1055	矿	996074	0.966761
1056	岛	992777	0.966841
1057	翻	990703	0.96692
1058	温	989534	0.966999
1059	涵	988659	0.967079
1060	频	983244	0.967157
1061	码	978261	0.967236
1062	疾	977373	0.967314
1063	仪	972781	0.967392
1064	树	972225	0.96747
1065	赖	970865	0.967548
1066	盖	969671	0.967626
1067	循	968451	0.967703
1068	王	966019	0.967781
1069	混	965138	0.967858
1070	迎	963617	0.967935
1071	纯	957967	0.968012
1072	射	956375	0.968089
1073	恶	955834	0.968166
1074	缓	950226	0.968242
1075	春	949149	0.968318
1076	暂	944882	0.968394
1077	艰	942023	0.968469
1078	潮	940598	0.968545
1079	赔	940038	0.96862
1080	哈	935519	0.968695
1081	慢	934180	0.96877
1082	触	932997	0.968845
1083	缩	930516	0.968919
1084	卡	927419	0.968994
1085	倍	925732	0.969068
1086	辩	925729	0.969142
1087	厅	923520	0.969216
1088	恰	922684	0.96929
1089	折	919653	0.969364
1090	阅	919400	0.969438
1091	奥	914389	0.969511
1092	屋	914306	0.969584
1093	兼	913607	0.969657
1094	阻	912953	0.969731
1095	拿	911959	0.969804
1096	履	910486	0.969877
1097	润	909499	0.96995
1098	板	906407	0.970022
1099	唯	904100	0.970095
1100	址	903758	0.970167
1101	诚	901942	0.97024
1102	奋	901409	0.970312
1103	杀	896250	0.970384
1104	替	895190	0.970455
1105	忆	892611	0.970527
1106	虚	887350	0.970598
1107	贴	879489	0.970669
1108	楼	878532	0.970739
1109	赞	875008	0.970809
1110	震	869440	0.970879
1111	咨	868798	0.970949
1112	诺	868472	0.971018
1113	残	865115	0.971088
1114	敌	861958	0.971157
1115	偏	859561	0.971226
1116	龙	857235	0.971294
1117	吃	856915	0.971363
1118	讯	852776	0.971431
1119	详	848205	0.971499
1120	邮	848158	0.971567
1121	伴	848014	0.971635
1122	街	847423	0.971703
1123	船	847167	0.971771
1124	扬	846864	0.971839
1125	庆	846557	0.971907
1126	黄	845612	0.971975
1127	谋	839778	0.972042
1128	旦	836447	0.972109
1129	渠	832969	0.972176
1130	陷	831443	0.972243
1131	籍	830758	0.972309
1132	酒	827674	0.972376
1133	松	825657	0.972442
1134	陈	825597	0.972508
1135	静	823610	0.972574
1136	礼	822941	0.97264
1137	旧	822640	0.972706
1138	呈	821301	0.972772
1139	宜	820524	0.972838
1140	湖	817902	0.972903
1141	呼	811072	0.972968
1142	野	810141	0.973033
1143	腐	803812	0.973098
1144	辖	801931	0.973162
1145	剩	799403	0.973226
1146	惊	796898	0.97329
1147	血	796528	0.973354
1148	掘	796300	0.973418
1149	拒	795063	0.973481
1150	惠	787754	0.973544
1151	轨	787236	0.973608
1152	津	786235	0.973671
1153	毫	784517	0.973734
1154	弟	781213	0.973796
1155	垄	780418	0.973859
1156	森	780158	0.973921
1157	拍	779250	0.973984
1158	撤	778725	0.974046
1159	闭	778288	0.974109
1160	阐	776998	0.974171
1161	祖	775818	0.974233
1162	蒙	771633	0.974295
1163	厚	767147	0.974356
1164	毒	766291	0.974418
1165	夺	763738	0.974479
1166	抽	763101	0.97454
1167	隐	762733	0.974601
1168	扶	761933	0.974663
1169	缘	759292	0.974723
1170	韩	753843	0.974784
1171	胁	749057	0.974844
1172	睛	747158	0.974904
1173	患	745073	0.974964
1174	烟	742802	0.975023
1175	煤	742746	0.975083
1176	伙	742220	0.975142
1177	旨	736066	0.975201
1178	梦	735168	0.97526
1179	钟	734148	0.975319
1180	澳	730364	0.975377
1181	绘	729518	0.975436
1182	盛	726011	0.975494
1183	恩	725495	0.975552
1184	废	723722	0.97561
1185	辆	722698	0.975668
1186	仰	721034	0.975726
1187	姻	717089	0.975784
1188	颁	715680	0.975841
1189	堂	714057	0.975898
1190	悉	712963	0.975955
1191	轮	712388	0.976013
1192	爆	711346	0.97607
1193	宝	710011	0.976126
1194	览	708641	0.976183
1195	姓	708618	0.97624
1196	徒	707962	0.976297
1197	胞	700468	0.976353
1198	殖	700042	0.976409
1199	谁	699075	0.976465
1200	皇	698478	0.976521
1201	您	693932	0.976577
1202	坦	693049	0.976632
1203	浪	693048	0.976688
1204	谐	683261	0.976743
1205	沙	679775	0.976797
1206	吨	679281	0.976852
1207	醒	679129	0.976906
1208	爸	677207	0.97696
1209	揭	677184	0.977015
1210	浙	675466	0.977069
1211	圳	674849	0.977123
1212	倡	674682	0.977177
1213	悲	674655	0.977231
1214	绕	673687	0.977285
1215	灭	672349	0.977339
1216	递	670281	0.977393
1217	笑	670235	0.977447
1218	木	669538	0.9775
1219	邦	667247	0.977554
1220	摆	666472	0.977607
1221	妻	665390	0.977661
1222	摄	664951	0.977714
1223	夏	663183	0.977767
1224	巩	658939	0.97782
1225	冷	658636	0.977873
1226	幕	658419	0.977925
1227	坐	657272	0.977978
1228	忘	657023	0.978031
1229	绪	652455	0.978083
1230	川	651982	0.978135
1231	谢	649210	0.978187
1232	削	649013	0.978239
1233	牧	646126	0.978291
1234	亮	641773	0.978343
1235	伯	640940	0.978394
1236	沟	635579	0.978445
1237	倒	633018	0.978496
1238	云	630320	0.978546
1239	田	630240	0.978597
1240	纲	628361	0.978647
1241	李	625398	0.978697
1242	赏	624471	0.978747
1243	漫	622719	0.978797
1244	驻	617688	0.978847
1245	凡	615061	0.978896
1246	覆	610358	0.978945
1247	截	609664	0.978994
1248	歧	609543	0.979043
1249	稿	607789	0.979092
1250	塑	605130	0.97914
1251	床	604851	0.979189
1252	涨	600931	0.979237
1253	饮	598530	0.979285
1254	懂	598241	0.979333
1255	佳	597931	0.979381
1256	饭	597920	0.979429
1257	役	596325	0.979476
1258	渡	595644	0.979524
1259	誉	594129	0.979572
1260	骨	592798	0.979619
1261	圣	590890	0.979667
1262	佛	590300	0.979714
1263	押	589953	0.979761
1264	雨	588167	0.979809
1265	裂	586873	0.979856
1266	伐	585635	0.979903
1267	叙	584410	0.979949
1268	丽	579223	0.979996
1269	纺	578660	0.980042
1270	钢	578581	0.980089
1271	跃	577927	0.980135
1272	炸	576288	0.980181
1273	吉	573970	0.980227
1274	刷	572507	0.980273
1275	阵	571461	0.980319
1276	疆	571141	0.980365
1277	剥	569844	0.98041
1278	硬	569423	0.980456
1279	捕	567174	0.980501
1280	夜	565953	0.980547
1281	叫	564158	0.980592
1282	丧	564047	0.980637
1283	坛	563828	0.980683
1284	契	561252	0.980727
1285	仲	560683	0.980772
1286	哥	559747	0.980817
1287	敏	559031	0.980862
1288	聘	558954	0.980907
1289	阔	557102	0.980952
1290	毁	554470	0.980996
1291	壮	553554	0.98104
1292	默	548263	0.981084
1293	敢	547816	0.981128
1294	勇	547765	0.981172
1295	廉	547114	0.981216
1296	辅	546152	0.98126
1297	刺	542378	0.981303
1298	亦	540996	0.981347
1299	肃	540722	0.98139
1300	雇	539305	0.981433
1301	庄	538384	0.981477
1302	链	535344	0.981519
1303	缴	532231	0.981562
1304	盘	531235	0.981605
1305	叶	529782	0.981647
1306	穿	528629	0.98169
1307	绿	526621	0.981732
1308	怪	525752	0.981774
1309	函	524946	0.981816
1310	耗	523920	0.981858
1311	侧	523333	0.9819
1312	偶	520236	0.981942
1313	雄	519545	0.981983
1314	疫	518298	0.982025
1315	胀	514704	0.982066
1316	尺	514260	0.982107
1317	牲	514235	0.982149
1318	窗	513825	0.98219
1319	搞	513500	0.982231
1320	牙	510759	0.982272
1321	鲁	509593	0.982313
1322	巧	508656	0.982354
1323	妥	505019	0.982394
1324	晰	502576	0.982434
1325	蓄	501787	0.982475
1326	貌	499028	0.982515
1327	欲	498596	0.982555
1328	惩	498251	0.982595
1329	扰	497938	0.982634
1330	氛	496041	0.982674
1331	彼	494990	0.982714
1332	齐	493779	0.982753
1333	欣	493575	0.982793
1334	瓦	492515	0.982833
1335	乃	492102	0.982872
1336	浓	491034	0.982911
1337	掉	490232	0.982951
1338	焦	490125	0.98299
1339	坡	489735	0.983029
1340	麻	489012	0.983068
1341	糊	488827	0.983108
1342	凭	487830	0.983147
1343	赋	485811	0.983186
1344	耕	485025	0.983225
1345	割	479836	0.983263
1346	驱	477933	0.983301
1347	返	473429	0.983339
1348	舆	473130	0.983377
1349	萨	469479	0.983415
1350	暗	464885	0.983452
1351	骤	461920	0.983489
1352	娱	460610	0.983526
1353	亩	459839	0.983563
1354	伸	457620	0.9836
1355	抑	457511	0.983636
1356	镜	454422	0.983673
1357	衰	453847	0.983709
1358	衣	451482	0.983745
1359	魂	450902	0.983782
1360	菜	450726	0.983818
1361	宅	450701	0.983854
1362	勤	450581	0.98389
1363	净	449905	0.983926
1364	症	449818	0.983962
1365	雷	449560	0.983998
1366	账	448437	0.984034
1367	洛	447489	0.98407
1368	吧	447101	0.984106
1369	盈	445027	0.984141
1370	纽	444874	0.984177
1371	畴	442996	0.984213
1372	拨	442971	0.984248
1373	膨	442610	0.984284
1374	怖	440676	0.984319
1375	洁	439705	0.984354
1376	宾	438938	0.984389
1377	丈	438036	0.984425
1378	勃	437133	0.98446
1379	莫	436530	0.984495
1380	尝	435741	0.984529
1381	隔	435516	0.984564
1382	踪	435281	0.984599
1383	搜	434758	0.984634
1384	拔	433899	0.984669
1385	顷	432542	0.984704
1386	撰	431584	0.984738
1387	埃	431274	0.984773
1388	牺	430507	0.984807
1389	狱	430271	0.984842
1390	忧	429921	0.984876
1391	秋	429472	0.984911
1392	邀	428604	0.984945
1393	孤	427497	0.984979
1394	慧	427394	0.985014
1395	邻	424837	0.985048
1396	宫	423059	0.985082
1397	迟	423006	0.985116
1398	赢	422824	0.985149
1399	捐	422641	0.985183
1400	犹	422267	0.985217
1401	扎	422078	0.985251
1402	忙	421555	0.985285
1403	圆	421507	0.985319
1404	宇	420683	0.985352
1405	诊	420183	0.985386
1406	隶	419998	0.98542
1407	扣	419693	0.985453
1408	脚	414818	0.985487
1409	撑	414028	0.98552
1410	惟	413501	0.985553
1411	酬	413198	0.985586
1412	贝	413113	0.985619
1413	烦	412768	0.985652
1414	玩	411887	0.985685
1415	邓	411460	0.985718
1416	仿	411077	0.985751
1417	穷	408271	0.985784
1418	姐	405557	0.985816
1419	饰	404407	0.985849
1420	硕	402078	0.985881
1421	敬	400969	0.985913
1422	忍	399696	0.985945
1423	炭	399323	0.985977
1424	摩	399263	0.986009
1425	崇	398798	0.986041
1426	旗	398037	0.986073
1427	劣	397422	0.986105
1428	凝	395795	0.986137
1429	滞	395684	0.986169
1430	逃	394170	0.9862
1431	勒	394098	0.986232
1432	燃	393855	0.986263
1433	泰	393707	0.986295
1434	锁	392621	0.986326
1435	奴	392360	0.986358
1436	桥	390257	0.986389
1437	胡	389549	0.98642
1438	辞	389142	0.986452
1439	奏	388449	0.986483
1440	辽	387755	0.986514
1441	姆	387490	0.986545
1442	纵	387307	0.986576
1443	妹	385868	0.986607
1444	珍	384893	0.986638
1445	腊	383893	0.986668
1446	愈	383744	0.986699
1447	唱	382896	0.98673
1448	添	372812	0.98676
1449	肉	370809	0.98679
1450	辛	370112	0.986819
1451	慎	369656	0.986849
1452	旬	368485	0.986878
1453	剂	367865	0.986908
1454	弥	367754	0.986937
1455	塔	367600	0.986967
1456	淡	367091	0.986996
1457	炼	367072	0.987026
1458	亏	360620	0.987055
1459	朗	360313	0.987084
1460	侨	360207	0.987112
1461	御	359998	0.987141
1462	峰	359933	0.98717
1463	幼	359656	0.987199
1464	皮	359503	0.987228
1465	锐	359149	0.987257
1466	餐	357707	0.987285
1467	莱	356329	0.987314
1468	栏	356130	0.987342
1469	摇	356048	0.987371
1470	幻	355944	0.987399
1471	钮	355757	0.987428
1472	跑	354077	0.987456
1473	闲	352959	0.987485
1474	杰	352866	0.987513
1475	兄	352196	0.987541
1476	辉	350007	0.987569
1477	壁	349388	0.987597
1478	斤	349240	0.987625
1479	娘	348803	0.987653
1480	祝	348313	0.987681
1481	谨	347746	0.987709
1482	忠	347710	0.987737
1483	嫌	346708	0.987765
1484	拆	346009	0.987792
1485	乌	345870	0.98782
1486	滋	344929	0.987848
1487	滨	344564	0.987875
1488	拖	344039	0.987903
1489	奠	343115	0.987931
1490	袭	342484	0.987958
1491	晨	342088	0.987985
1492	妨	341493	0.988013
1493	颜	340126	0.98804
1494	驾	339585	0.988067
1495	丝	339374	0.988095
1496	斥	339164	0.988122
1497	荐	339053	0.988149
1498	滑	338959	0.988176
1499	荷	338137	0.988203
1500	薄	337409	0.98823
1501	振	337346	0.988257
1502	妙	336814	0.988284
1503	驶	335977	0.988311
1504	诞	335754	0.988338
1505	漠	334942	0.988365
1506	孙	334560	0.988392
1507	辈	334247	0.988419
1508	阴	334099	0.988445
1509	渗	334070	0.988472
1510	柱	331367	0.988499
1511	瑞	331308	0.988525
1512	奉	331040	0.988552
1513	鱼	330637	0.988578
1514	宙	330523	0.988605
1515	惜	330338	0.988631
1516	壤	329723	0.988658
1517	骗	327847	0.988684
1518	唐	327443	0.98871
1519	赶	327310	0.988737
1520	厉	327026	0.988763
1521	峡	326647	0.988789
1522	迷	325916	0.988815
1523	抢	325787	0.988841
1524	宿	322197	0.988867
1525	畜	321559	0.988893
1526	牢	320490	0.988919
1527	猛	319465	0.988944
1528	洞	318492	0.98897
1529	盲	318382	0.988995
1530	庞	316571	0.989021
1531	黎	316049	0.989046
1532	冬	315710	0.989071
1533	惑	311849	0.989096
1534	仓	311234	0.989121
1535	挂	310585	0.989146
1536	渔	310476	0.989171
1537	抱	310250	0.989196
1538	衷	308927	0.989221
1539	旁	308187	0.989245
1540	填	305744	0.98927
1541	赁	305572	0.989294
1542	杭	302127	0.989319
1543	塞	301791	0.989343
1544	粹	300793	0.989367
1545	洪	299726	0.989391
1546	裕	299251	0.989415
1547	捷	298850	0.989439
1548	横	295961	0.989463
1549	旋	295870	0.989486
1550	寿	292689	0.98951
1551	曼	291672	0.989533
1552	睡	291562	0.989557
1553	舍	291207	0.98958
1554	艾	290526	0.989603
1555	勘	287625	0.989626
1556	扮	285888	0.989649
1557	颇	285886	0.989672
1558	梁	284742	0.989695
1559	荡	284475	0.989718
1560	灯	284370	0.989741
1561	姿	284094	0.989763
1562	喻	283718	0.989786
1563	俱	282883	0.989809
1564	箱	279819	0.989831
1565	弊	279181	0.989854
1566	顶	278959	0.989876
1567	侦	278958	0.989898
1568	迈	278908	0.989921
1569	酷	278786	0.989943
1570	欺	278738	0.989965
1571	甲	278730	0.989988
1572	峻	278097	0.99001
1573	廷	278079	0.990032
1574	欠	277680	0.990055
1575	薪	277513	0.990077
1576	尖	277484	0.990099
1577	宋	276902	0.990121
1578	洗	276683	0.990143
1579	拜	275513	0.990165
1580	挖	275366	0.990188
1581	遥	274360	0.99021
1582	狭	274198	0.990232
1583	迪	274001	0.990254
1584	甘	273888	0.990275
1585	孔	272755	0.990297
1586	轰	272164	0.990319
1587	泉	271807	0.990341
1588	墙	270614	0.990363
1589	僚	268835	0.990384
1590	荒	266548	0.990406
1591	披	265199	0.990427
1592	慰	264073	0.990448
1593	跳	264009	0.990469
1594	脸	263137	0.99049
1595	袖	263113	0.990511
1596	麦	263024	0.990532
1597	寺	262182	0.990553
1598	孕	261874	0.990574
1599	诱	261617	0.990595
1600	姑	260668	0.990616
1601	掩	259923	0.990637
1602	仔	259280	0.990658
1603	憾	259191	0.990679
1604	涌	258556	0.990699
1605	蹈	258538	0.99072
1606	婆	257987	0.990741
1607	菲	256794	0.990761
1608	敦	256659	0.990782
1609	扭	255595	0.990803
1610	锋	255566	0.990823
1611	郑	255318	0.990843
1612	锦	253483	0.990864
1613	辐	252374	0.990884
1614	乘	249104	0.990904
1615	滥	248279	0.990924
1616	胆	248209	0.990944
1617	逆	247607	0.990964
1618	枪	247559	0.990984
1619	伪	247453	0.991003
1620	奶	247242	0.991023
1621	磁	246736	0.991043
1622	漂	245606	0.991063
1623	厦	245257	0.991082
1624	搬	244275	0.991102
1625	缔	243064	0.991121
1626	辨	242767	0.991141
1627	悟	241591	0.99116
1628	棉	241513	0.99118
1629	狂	241233	0.991199
1630	匹	240793	0.991218
1631	赠	240628	0.991238
1632	辟	240263	0.991257
1633	刘	239538	0.991276
1634	谊	237969	0.991295
1635	煌	237477	0.991314
1636	畅	237237	0.991333
1637	痕	237126	0.991352
1638	番	236710	0.991371
1639	耐	236354	0.99139
1640	冒	235754	0.991409
1641	耳	235233	0.991428
1642	摘	235125	0.991447
1643	悄	234825	0.991466
1644	卓	234077	0.991484
1645	寸	233385	0.991503
1646	君	233008	0.991522
1647	弄	232850	0.99154
1648	舶	232360	0.991559
1649	丁	232312	0.991578
1650	肥	232122	0.991596
1651	垒	231784	0.991615
1652	谷	231691	0.991633
1653	劲	231463	0.991652
1654	跌	231384	0.99167
1655	堡	231069	0.991689
1656	闹	231010	0.991708
1657	萄	230425	0.991726
1658	怒	230185	0.991744
1659	迄	230077	0.991763
1660	牵	229749	0.991781
1661	臣	229531	0.9918
1662	舒	228829	0.991818
1663	舰	228643	0.991836
1664	脏	228570	0.991855
1665	浮	227738	0.991873
1666	耶	227579	0.991891
1667	惧	227157	0.991909
1668	雅	227110	0.991928
1669	丹	226716	0.991946
1670	隆	226567	0.991964
1671	脆	226502	0.991982
1672	脉	226009	0.992
1673	翼	225717	0.992018
1674	郊	224825	0.992036
1675	堪	224777	0.992054
1676	漏	224676	0.992072
1677	盗	224149	0.99209
1678	叉	223357	0.992108
1679	寄	221979	0.992126
1680	插	221021	0.992144
1681	吁	220513	0.992161
1682	矩	220194	0.992179
1683	雕	220120	0.992197
1684	悠	219217	0.992214
1685	珠	219125	0.992232
1686	扫	219098	0.99225
1687	昆	218504	0.992267
1688	昨	217251	0.992284
1689	圾	217238	0.992302
1690	葡	217138	0.992319
1691	衍	217083	0.992337
1692	锻	217019	0.992354
1693	赫	216844	0.992371
1694	碰	216579	0.992389
1695	碎	216549	0.992406
1696	桌	216525	0.992424
1697	逊	215847	0.992441
1698	冰	215679	0.992458
1699	逝	213803	0.992475
1700	帜	213090	0.992492
1701	泪	212827	0.992509
1702	陌	212789	0.992526
1703	涛	211661	0.992543
1704	唤	211372	0.99256
1705	液	210277	0.992577
1706	拘	209607	0.992594
1707	豪	209377	0.992611
1708	墨	208932	0.992628
1709	陶	207865	0.992644
1710	暖	207743	0.992661
1711	蒂	207256	0.992678
1712	饲	207140	0.992694
1713	缚	206751	0.992711
1714	啊	206685	0.992727
1715	灌	205640	0.992744
1716	渴	204883	0.99276
1717	巿	204809	0.992777
1718	垃	203922	0.992793
1719	斜	203618	0.992809
1720	愤	203557	0.992826
1721	茶	203436	0.992842
1722	辱	203231	0.992858
1723	惨	202778	0.992874
1724	恒	202387	0.992891
1725	霸	202151	0.992907
1726	剖	201965	0.992923
1727	晓	201605	0.992939
1728	蛋	201415	0.992955
1729	赤	201319	0.992972
1730	弗	201149	0.992988
1731	牛	201047	0.993004
1732	戒	200410	0.99302
1733	杜	198661	0.993036
1734	伏	198093	0.993052
1735	诈	197877	0.993068
1736	肤	197758	0.993083
1737	遏	196995	0.993099
1738	阁	196988	0.993115
1739	慈	196760	0.993131
1740	炮	195280	0.993146
1741	叛	195151	0.993162
1742	尾	194544	0.993178
1743	抚	193889	0.993193
1744	磨	193680	0.993209
1745	沃	193237	0.993224
1746	罢	193204	0.99324
1747	屏	192478	0.993255
1748	删	192138	0.993271
1749	聪	191267	0.993286
1750	炎	190723	0.993301
1751	抛	190302	0.993316
1752	碑	190087	0.993332
1753	愉	190028	0.993347
1754	挫	188778	0.993362
1755	墓	187984	0.993377
1756	汗	187351	0.993392
1757	冶	187344	0.993407
1758	撞	186994	0.993422
1759	魅	186382	0.993437
1760	堆	185999	0.993452
1761	竭	185855	0.993467
1762	贪	185366	0.993482
1763	涯	184878	0.993497
1764	怨	183793	0.993511
1765	遣	183693	0.993526
1766	纂	182759	0.993541
1767	陪	182629	0.993555
1768	稻	182488	0.99357
1769	穆	182134	0.993585
1770	烧	181960	0.993599
1771	叹	181896	0.993614
1772	丛	181738	0.993628
1773	卢	181555	0.993643
1774	恋	180650	0.993657
1775	徽	180028	0.993672
1776	粉	179495	0.993686
1777	弘	178136	0.9937
1778	丢	176593	0.993715
1779	逮	176446	0.993729
1780	恨	176062	0.993743
1781	颗	176042	0.993757
1782	旱	175949	0.993771
1783	厌	175779	0.993785
1784	奈	175719	0.993799
1785	摧	175627	0.993813
1786	疲	175145	0.993827
1787	夕	174995	0.993841
1788	粗	174748	0.993855
1789	雪	174707	0.993869
1790	氧	174570	0.993883
1791	郁	174515	0.993897
1792	蓝	174437	0.993911
1793	佣	174420	0.993925
1794	馈	173163	0.993939
1795	虫	173030	0.993953
1796	贿	172206	0.993967
1797	夸	171583	0.993981
1798	垂	170896	0.993994
1799	挽	170581	0.994008
1800	玉	169974	0.994022
1801	豫	169810	0.994035
1802	屈	169163	0.994049
1803	彰	169153	0.994062
1804	罕	168585	0.994076
1805	旺	168138	0.994089
1806	稀	167741	0.994103
1807	圈	167707	0.994116
1808	氏	167682	0.99413
1809	悦	167642	0.994143
1810	慨	167476	0.994157
1811	挤	167460	0.99417
1812	蓬	166851	0.994183
1813	陕	166698	0.994197
1814	摸	166259	0.99421
1815	蔬	165762	0.994223
1816	兑	165657	0.994237
1817	巡	165627	0.99425
1818	募	164858	0.994263
1819	井	164247	0.994276
1820	葬	163946	0.99429
1821	啡	163467	0.994303
1822	稍	162956	0.994316
1823	泥	162196	0.994329
1824	恼	161883	0.994342
1825	肩	161606	0.994355
1826	窃	161362	0.994368
1827	携	161304	0.994381
1828	懈	160895	0.994393
1829	饱	160582	0.994406
1830	戴	160433	0.994419
1831	竣	160014	0.994432
1832	朴	159760	0.994445
1833	浦	159493	0.994458
1834	灰	159103	0.99447
1835	喝	158872	0.994483
1836	踏	158569	0.994496
1837	屠	158297	0.994508
1838	瞬	158026	0.994521
1839	甸	157619	0.994534
1840	烂	157159	0.994546
1841	纤	157013	0.994559
1842	汰	156224	0.994572
1843	谱	155845	0.994584
1844	冠	155715	0.994596
1845	缅	155563	0.994609
1846	衔	154959	0.994621
1847	咖	154428	0.994634
1848	梯	154171	0.994646
1849	仁	153563	0.994658
1850	婴	153280	0.994671
1851	凌	152842	0.994683
1852	轿	152393	0.994695
1853	溯	151414	0.994707
1854	寓	151169	0.994719
1855	疏	151056	0.994732
1856	驳	149347	0.994744
1857	偷	149276	0.994756
1858	朱	149039	0.994767
1859	翰	149011	0.994779
1860	鼠	148719	0.994791
1861	钩	148616	0.994803
1862	渊	148537	0.994815
1863	爷	148122	0.994827
1864	晋	147778	0.994839
1865	蕴	147737	0.994851
1866	耀	147634	0.994863
1867	怜	147454	0.994874
1868	悬	147186	0.994886
1869	疯	147019	0.994898
1870	湿	145439	0.99491
1871	榜	145210	0.994921
1872	昂	144834	0.994933
1873	胎	144342	0.994944
1874	叠	144169	0.994956
1875	掀	143726	0.994968
1876	淘	143624	0.994979
1877	聊	143501	0.994991
1878	嘴	142514	0.995002
1879	吻	142024	0.995013
1880	凯	141829	0.995025
1881	泊	141620	0.995036
1882	幽	140843	0.995047
1883	璃	140503	0.995059
1884	贺	140312	0.99507
1885	搭	139354	0.995081
1886	戚	139045	0.995092
1887	鸦	138810	0.995103
1888	赴	138682	0.995114
1889	傲	137602	0.995126
1890	癌	136693	0.995136
1891	顽	136244	0.995147
1892	哀	136009	0.995158
1893	尸	135994	0.995169
1894	尘	135874	0.99518
1895	池	135821	0.995191
1896	儒	135585	0.995202
1897	寂	135519	0.995213
1898	菌	135378	0.995224
1899	腾	134729	0.995234
1900	匆	134666	0.995245
1901	俘	134608	0.995256
1902	蔽	134237	0.995267
1903	庸	133464	0.995277
1904	催	133448	0.995288
1905	挣	133113	0.995299
1906	艇	132944	0.995309
1907	瓷	132916	0.99532
1908	铜	132878	0.995331
1909	洽	132557	0.995341
1910	昌	132487	0.995352
1911	捉	132102	0.995363
1912	崭	132095	0.995373
1913	崛	132064	0.995384
1914	凸	132046	0.995394
1915	谅	131342	0.995405
1916	玻	131180	0.995415
1917	仇	130866	0.995426
1918	粒	129755	0.995436
1919	胶	129729	0.995447
1920	杆	128618	0.995457
1921	哭	128595	0.995467
1922	譬	128273	0.995478
1923	摊	127790	0.995488
1924	贩	127746	0.995498
1925	忌	127385	0.995508
1926	稣	127153	0.995519
1927	疼	127069	0.995529
1928	崩	126969	0.995539
1929	呆	126905	0.995549
1930	箭	126497	0.995559
1931	刀	126134	0.995569
1932	吐	126078	0.995579
1933	浩	125558	0.995589
1934	劫	125535	0.9956
1935	绸	125233	0.99561
1936	溉	125027	0.99562
1937	糖	123922	0.99563
1938	乔	122999	0.995639
1939	猎	122829	0.995649
1940	酸	122470	0.995659
1941	埋	122300	0.995669
1942	赚	121725	0.995679
1943	泄	121702	0.995688
1944	讶	121195	0.995698
1945	玛	121147	0.995708
1946	帐	121039	0.995718
1947	瓶	120736	0.995727
1948	殿	120605	0.995737
1949	篮	120491	0.995747
1950	拼	120267	0.995756
1951	厨	119617	0.995766
1952	茨	119097	0.995775
1953	擅	119058	0.995785
1954	逼	118650	0.995794
1955	奔	118617	0.995804
1956	猜	118448	0.995813
1957	僵	118091	0.995823
1958	祭	118008	0.995832
1959	吞	117648	0.995842
1960	淆	117289	0.995851
1961	讽	116973	0.995861
1962	仗	116909	0.99587
1963	岩	116470	0.995879
1964	骑	116428	0.995889
1965	闪	115965	0.995898
1966	卜	115885	0.995907
1967	喊	115825	0.995916
1968	诠	115616	0.995926
1969	筛	115131	0.995935
1970	溃	114504	0.995944
1971	醉	114499	0.995953
1972	锡	114447	0.995962
1973	秒	114287	0.995972
1974	肌	113667	0.995981
1975	佩	113667	0.99599
1976	皆	113366	0.995999
1977	串	113347	0.996008
1978	寒	112766	0.996017
1979	夹	112700	0.996026
1980	稽	112317	0.996035
1981	擦	112144	0.996044
1982	侯	112138	0.996053
1983	泡	111685	0.996062
1984	萌	111654	0.996071
1985	鞋	111576	0.99608
1986	溢	111434	0.996089
1987	睹	111290	0.996098
1988	倘	110919	0.996107
1989	椅	110809	0.996116
1990	朵	110034	0.996124
1991	磋	109781	0.996133
1992	窄	109048	0.996142
1993	宴	108896	0.996151
1994	狠	108807	0.996159
1995	歇	108691	0.996168
1996	兹	108654	0.996177
1997	饿	108434	0.996186
1998	廊	108403	0.996194
1999	芽	108311	0.996203
2000	晶	107846	0.996212
2001	颈	107607	0.99622
2002	鸣	106950	0.996229
2003	髙	106792	0.996237
2004	吴	106632	0.996246
2005	羊	106592	0.996254
2006	骄	106557	0.996263
2007	饥	106537	0.996271
2008	驰	106255	0.99628
2009	瞩	105964	0.996289
2010	攀	105754	0.996297
2011	挪	104834	0.996305
2012	琴	104443	0.996314
2013	丑	103912	0.996322
2014	淋	103812	0.99633
2015	笼	103709	0.996339
2016	祀	103440	0.996347
2017	吾	103301	0.996355
2018	灿	103295	0.996364
2019	曰	103055	0.996372
2020	祸	102970	0.99638
2021	霍	102968	0.996388
2022	劝	102832	0.996397
2023	肿	102598	0.996405
2024	逾	102398	0.996413
2025	颖	102351	0.996421
2026	蚀	101735	0.996429
2027	贬	101679	0.996438
2028	冻	101500	0.996446
2029	虎	101393	0.996454
2030	绑	101346	0.996462
2031	寨	101069	0.99647
2032	邪	100444	0.996478
2033	徐	100277	0.996486
2034	苗	99680	0.996494
2035	蔓	99546	0.996502
2036	吹	99511	0.99651
2037	掠	99340	0.996518
2038	慌	99203	0.996526
2039	谬	97432	0.996534
2040	赂	97365	0.996542
2041	臂	97280	0.996549
2042	涂	96277	0.996557
2043	鼻	95942	0.996565
2044	宰	95801	0.996573
2045	沫	95779	0.99658
2046	剪	95674	0.996588
2047	杯	94959	0.996595
2048	钥	94788	0.996603
2049	柔	94644	0.996611
2050	袋	94378	0.996618
2051	梅	94287	0.996626
2052	柏	94191	0.996633
2053	抄	93992	0.996641
2054	裔	93854	0.996648
2055	燥	93329	0.996656
2056	铺	93141	0.996663
2057	惕	93139	0.996671
2058	骚	92981	0.996678
2059	匈	92807	0.996686
2060	寞	92734	0.996693
2061	滤	92730	0.996701
2062	挡	92691	0.996708
2063	畏	92407	0.996715
2064	膜	91460	0.996723
2065	芬	91288	0.99673
2066	廿	91206	0.996737
2067	酿	91141	0.996745
2068	魔	90818	0.996752
2069	葛	90749	0.996759
2070	枚	90721	0.996767
2071	辜	90648	0.996774
2072	鸡	90480	0.996781
2073	苹	90408	0.996788
2074	柴	89951	0.996796
2075	炉	89802	0.996803
2076	牟	89390	0.99681
2077	庙	89374	0.996817
2078	瘤	89352	0.996824
2079	弈	89147	0.996831
2080	纹	89109	0.996839
2081	搏	89087	0.996846
2082	悔	89041	0.996853
2083	乙	89025	0.99686
2084	嫁	88959	0.996867
2085	呀	88889	0.996874
2086	噪	88787	0.996881
2087	昏	88656	0.996888
2088	抬	88654	0.996896
2089	柜	88581	0.996903
2090	泼	87962	0.99691
2091	壳	87793	0.996917
2092	滚	87597	0.996924
2093	扁	87514	0.996931
2094	帕	87435	0.996938
2095	拯	87397	0.996945
2096	妆	87200	0.996952
2097	兽	86444	0.996959
2098	芯	86271	0.996966
2099	浅	86227	0.996973
2100	豆	85988	0.996979
2101	绎	85655	0.996986
2102	瞻	85434	0.996993
2103	吓	85101	0.997
2104	奢	85089	0.997007
2105	汲	85074	0.997014
2106	祥	84814	0.99702
2107	茫	84748	0.997027
2108	脂	84569	0.997034
2109	淮	84272	0.997041
2110	勾	84046	0.997047
2111	歉	83792	0.997054
2112	坞	83717	0.997061
2113	钻	83590	0.997068
2114	萎	83475	0.997074
2115	颠	83469	0.997081
2116	杠	83466	0.997088
2117	剑	83322	0.997094
2118	倦	83267	0.997101
2119	晤	83236	0.997108
2120	翔	83131	0.997114
2121	糟	82759	0.997121
2122	孟	82725	0.997128
2123	陋	82460	0.997134
2124	浸	82448	0.997141
2125	滩	82310	0.997147
2126	眉	82156	0.997154
2127	啤	82144	0.997161
2128	乳	81950	0.997167
2129	糕	81795	0.997174
2130	澄	81645	0.99718
2131	盆	81618	0.997187
2132	瑰	81606	0.997193
2133	坊	81184	0.9972
2134	谴	81033	0.997206
2135	韦	81020	0.997213
2136	淫	80590	0.997219
2137	稚	80559	0.997226
2138	侮	80256	0.997232
2139	盼	79875	0.997239
2140	镑	79504	0.997245
2141	缝	79250	0.997251
2142	撼	79128	0.997258
2143	慕	79059	0.997264
2144	闷	78902	0.99727
2145	捍	78692	0.997277
2146	椭	78644	0.997283
2147	翁	78247	0.997289
2148	鼎	77745	0.997296
2149	眠	77714	0.997302
2150	匠	77633	0.997308
2151	嘉	77458	0.997314
2152	谎	77453	0.99732
2153	毅	77386	0.997327
2154	裸	77353	0.997333
2155	抒	76798	0.997339
2156	秦	76769	0.997345
2157	徙	76620	0.997351
2158	誓	76618	0.997357
2159	肆	76594	0.997364
2160	挠	76358	0.99737
2161	傍	76038	0.997376
2162	泳	75989	0.997382
2163	逢	75934	0.997388
2164	奸	75749	0.997394
2165	枯	75523	0.9974
2166	蛮	75447	0.997406
2167	胸	75149	0.997412
2168	肺	74982	0.997418
2169	瑟	74963	0.997424
2170	魄	74906	0.99743
2171	侈	74815	0.997436
2172	抉	74460	0.997442
2173	髓	74416	0.997448
2174	塌	74217	0.997454
2175	膀	74205	0.99746
2176	傅	74166	0.997466
2177	扑	74097	0.997472
2178	屿	74051	0.997478
2179	吊	73538	0.997484
2180	琐	73417	0.99749
2181	躺	73291	0.997495
2182	俩	73059	0.997501
2183	俭	72987	0.997507
2184	屡	72800	0.997513
2185	匿	72774	0.997519
2186	轴	72640	0.997525
2187	寡	72587	0.99753
2188	悼	72149	0.997536
2189	耻	71848	0.997542
2190	狗	71583	0.997548
2191	绵	71526	0.997554
2192	芝	71424	0.997559
2193	虐	71146	0.997565
2194	桑	71006	0.997571
2195	埔	70394	0.997576
2196	暑	70120	0.997582
2197	亟	70032	0.997588
2198	枢	69970	0.997593
2199	腹	69625	0.997599
2200	瞒	69557	0.997604
2201	兆	69486	0.99761
2202	敲	69400	0.997615
2203	悖	69203	0.997621
2204	梳	69073	0.997626
2205	仙	68831	0.997632
2206	柬	68714	0.997638
2207	陵	68650	0.997643
2208	毋	68610	0.997649
2209	戈	68598	0.997654
2210	碌	68090	0.997659
2211	擎	67754	0.997665
2212	迦	67548	0.99767
2213	鸟	67526	0.997676
2214	腔	67421	0.997681
2215	腿	66747	0.997687
2216	虏	66261	0.997692
2217	缠	66227	0.997697
2218	碳	66181	0.997702
2219	恳	66072	0.997708
2220	赌	66021	0.997713
2221	嘱	65962	0.997718
2222	隙	65868	0.997724
2223	鬼	65776	0.997729
2224	汤	65643	0.997734
2225	尿	65616	0.997739
2226	谣	65500	0.997745
2227	撒	65432	0.99775
2228	堕	65369	0.997755
2229	扼	65011	0.99776
2230	蒋	64986	0.997766
2231	祈	64919	0.997771
2232	颂	64864	0.997776
2233	酌	64843	0.997781
2234	枝	64721	0.997786
2235	愚	64711	0.997792
2236	勉	64704	0.997797
2237	喷	64512	0.997802
2238	遮	64434	0.997807
2239	甜	64433	0.997812
2240	堵	63899	0.997817
2241	驭	63856	0.997822
2242	浒	63722	0.997828
2243	咱	63569	0.997833
2244	佐	63442	0.997838
2245	叔	63090	0.997843
2246	莎	62748	0.997848
2247	躲	62741	0.997853
2248	矫	62479	0.997858
2249	漓	62297	0.997863
2250	挺	62240	0.997868
2251	沸	62089	0.997873
2252	睦	61796	0.997878
2253	绳	61728	0.997883
2254	桶	61603	0.997888
2255	垦	61372	0.997893
2256	凉	61261	0.997898
2257	尬	61242	0.997902
2258	捞	60892	0.997907
2259	罩	60738	0.997912
2260	娜	60660	0.997917
2261	橡	60587	0.997922
2262	阱	60378	0.997927
2263	朽	60294	0.997932
2264	徊	60247	0.997936
2265	隘	60227	0.997941
2266	槛	59922	0.997946
2267	胃	59875	0.997951
2268	萧	59689	0.997956
2269	卿	59606	0.99796
2270	瓜	59328	0.997965
2271	抹	59155	0.99797
2272	詹	59141	0.997975
2273	匪	59029	0.997979
2274	夷	58982	0.997984
2275	乓	58913	0.997989
2276	愧	58908	0.997994
2277	齿	58886	0.997998
2278	猪	58843	0.998003
2279	盐	58734	0.998008
2280	帽	58670	0.998012
2281	蒸	58654	0.998017
2282	刹	58530	0.998022
2283	郎	58463	0.998026
2284	矢	58411	0.998031
2285	巷	58337	0.998036
2286	峙	58331	0.998041
2287	剔	58075	0.998045
2288	歪	57866	0.99805
2289	慑	57442	0.998054
2290	玫	57411	0.998059
2291	尴	57046	0.998064
2292	肖	56888	0.998068
2293	卉	56819	0.998073
2294	帅	56761	0.998077
2295	匀	56516	0.998082
2296	拦	56356	0.998086
2297	汪	56229	0.998091
2298	浴	55923	0.998095
2299	肚	55776	0.9981
2300	鹏	55763	0.998104
2301	糙	55441	0.998109
2302	溶	55438	0.998113
2303	乒	55378	0.998118
2304	敞	55339	0.998122
2305	豁	55290	0.998126
2306	拐	55245	0.998131
2307	沪	55224	0.998135
2308	巫	55178	0.99814
2309	丘	54924	0.998144
2310	淀	54675	0.998149
2311	酝	54550	0.998153
2312	袱	54473	0.998157
2313	喇	54120	0.998162
2314	徘	54059	0.998166
2315	爬	53996	0.99817
2316	囚	53962	0.998175
2317	娃	53827	0.998179
2318	囊	53745	0.998183
2319	肝	53692	0.998188
2320	侣	53508	0.998192
2321	瞄	53501	0.998196
2322	羞	53461	0.9982
2323	挚	53417	0.998205
2324	浏	53277	0.998209
2325	孜	53244	0.998213
2326	茂	53121	0.998217
2327	沦	53107	0.998222
2328	兢	53051	0.998226
2329	绅	52913	0.99823
2330	筋	52851	0.998234
2331	铸	52828	0.998239
2332	宠	52827	0.998243
2333	妓	52724	0.998247
2334	拳	52360	0.998251
2335	斑	52161	0.998256
2336	揽	52129	0.99826
2337	盯	52016	0.998264
2338	庇	52010	0.998268
2339	纱	52005	0.998272
2340	昧	51984	0.998276
2341	炬	51767	0.998281
2342	肪	51568	0.998285
2343	裤	51532	0.998289
2344	杉	51527	0.998293
2345	祷	51492	0.998297
2346	廓	51081	0.998301
2347	慷	50972	0.998305
2348	昭	50969	0.998309
2349	拢	50811	0.998313
2350	啦	50711	0.998317
2351	逸	50612	0.998322
2352	挝	50558	0.998326
2353	脾	50530	0.99833
2354	痪	50261	0.998334
2355	匙	50167	0.998338
2356	姊	50061	0.998342
2357	羡	49944	0.998346
2358	沌	49705	0.99835
2359	棘	49453	0.998354
2360	澡	49402	0.998358
2361	焕	49401	0.998362
2362	唇	49350	0.998366
2363	墅	49279	0.998369
2364	禽	49043	0.998373
2365	僻	48979	0.998377
2366	缆	48577	0.998381
2367	畸	48415	0.998385
2368	敛	48403	0.998389
2369	熊	48122	0.998393
2370	淹	48089	0.998397
2371	嵌	47969	0.998401
2372	熏	47880	0.998404
2373	狩	47777	0.998408
2374	搁	47731	0.998412
2375	浑	47663	0.998416
2376	卸	47660	0.99842
2377	滴	47645	0.998424
2378	钦	47375	0.998427
2379	羽	47340	0.998431
2380	瘫	47182	0.998435
2381	鸿	47046	0.998439
2382	紊	46950	0.998442
2383	桂	46929	0.998446
2384	嘛	46896	0.99845
2385	妒	46866	0.998454
2386	株	46756	0.998457
2387	隧	46747	0.998461
2388	吵	46567	0.998465
2389	赎	46393	0.998469
2390	虔	46256	0.998472
2391	迭	46018	0.998476
2392	睐	46009	0.99848
2393	抨	45916	0.998483
2394	锅	45836	0.998487
2395	厢	45787	0.998491
2396	澜	45609	0.998494
2397	泣	45604	0.998498
2398	凶	45527	0.998502
2399	拾	45334	0.998505
2400	曹	45263	0.998509
2401	螺	44854	0.998513
2402	冈	44816	0.998516
2403	坎	44779	0.99852
2404	凤	44733	0.998523
2405	栖	44688	0.998527
2406	哺	44533	0.998531
2407	脊	44502	0.998534
2408	沛	44318	0.998538
2409	弯	44318	0.998541
2410	侠	44311	0.998545
2411	贮	44060	0.998548
2412	厄	44010	0.998552
2413	谍	43879	0.998555
2414	艘	43875	0.998559
2415	矶	43722	0.998562
2416	耍	43291	0.998566
2417	棒	43036	0.998569
2418	惫	42834	0.998573
2419	猫	42814	0.998576
2420	妄	42662	0.99858
2421	溪	42478	0.998583
2422	匮	42286	0.998586
2423	鞍	42249	0.99859
2424	贾	42189	0.998593
2425	砍	42138	0.998596
2426	苍	42122	0.9986
2427	榴	42079	0.998603
2428	叨	41971	0.998607
2429	暇	41896	0.99861
2430	桩	41875	0.998613
2431	趟	41736	0.998617
2432	烙	41688	0.99862
2433	炒	41653	0.998623
2434	爵	41473	0.998627
2435	凰	41310	0.99863
2436	赐	41238	0.998633
2437	蜜	41182	0.998637
2438	鲍	41011	0.99864
2439	睁	40959	0.998643
2440	腰	40916	0.998646
2441	腥	40860	0.99865
2442	楷	40605	0.998653
2443	卑	40522	0.998656
2444	湛	40415	0.998659
2445	嘲	40362	0.998663
2446	腺	40334	0.998666
2447	苛	40299	0.998669
2448	肢	40272	0.998672
2449	帆	40245	0.998676
2450	诫	40232	0.998679
2451	喀	40145	0.998682
2452	喘	40129	0.998685
2453	遂	40071	0.998689
2454	垮	40022	0.998692
2455	堤	39911	0.998695
2456	刃	39816	0.998698
2457	恕	39784	0.998701
2458	赵	39721	0.998704
2459	瘦	39646	0.998708
2460	骂	39552	0.998711
2461	恤	39545	0.998714
2462	铃	39540	0.998717
2463	熙	39534	0.99872
2464	亨	39511	0.998724
2465	咎	39232	0.998727
2466	凿	38891	0.99873
2467	虹	38820	0.998733
2468	梭	38745	0.998736
2469	篷	38702	0.998739
2470	坟	38492	0.998742
2471	杨	38234	0.998745
2472	裹	38114	0.998748
2473	嫉	38085	0.998751
2474	棋	38053	0.998754
2475	茅	37996	0.998757
2476	焰	37942	0.99876
2477	窟	37709	0.998764
2478	濒	37348	0.998767
2479	沼	37031	0.998769
2480	靡	36985	0.998772
2481	嫩	36900	0.998775
2482	毙	36728	0.998778
2483	盒	36549	0.998781
2484	蜂	36395	0.998784
2485	汛	36184	0.998787
2486	汹	36179	0.99879
2487	僧	36164	0.998793
2488	坪	35950	0.998796
2489	彬	35876	0.998799
2490	摒	35773	0.998802
2491	圭	35549	0.998804
2492	乾	35528	0.998807
2493	捧	35414	0.99881
2494	硫	35413	0.998813
2495	昔	35198	0.998816
2496	稼	35101	0.998819
2497	辰	35090	0.998821
2498	肇	35016	0.998824
2499	坑	34989	0.998827
2500	沮	34978	0.99883
2501	塘	34932	0.998833
2502	铭	34879	0.998835
2503	喧	34863	0.998838
2504	婪	34856	0.998841
2505	钓	34785	0.998844
2506	咄	34490	0.998847
2507	猴	34356	0.998849
2508	逗	34162	0.998852
2509	孵	34158	0.998855
2510	蠢	34088	0.998857
2511	榷	34079	0.99886
2512	舌	34046	0.998863
2513	莞	33967	0.998866
2514	弦	33855	0.998868
2515	汕	33716	0.998871
2516	钞	33698	0.998874
2517	飘	33678	0.998876
2518	耽	33645	0.998879
2519	拷	33576	0.998882
2520	嗽	33551	0.998885
2521	晃	33492	0.998887
2522	蔑	33298	0.99889
2523	辙	33232	0.998893
2524	耸	33206	0.998895
2525	呵	33102	0.998898
2526	惰	33084	0.998901
2527	怠	33071	0.998903
2528	痴	32927	0.998906
2529	缕	32914	0.998908
2530	傻	32904	0.998911
2531	晴	32739	0.998914
2532	阀	32729	0.998916
2533	渲	32660	0.998919
2534	凑	32654	0.998922
2535	柳	32604	0.998924
2536	粘	32564	0.998927
2537	秉	32484	0.998929
2538	仑	32302	0.998932
2539	幢	32177	0.998935
2540	窝	32169	0.998937
2541	魏	32159	0.99894
2542	钉	32139	0.998942
2543	郡	32067	0.998945
2544	曝	32062	0.998947
2545	竹	32030	0.99895
2546	冗	31835	0.998953
2547	爽	31664	0.998955
2548	涝	31524	0.998958
2549	阂	31471	0.99896
2550	硅	31442	0.998963
2551	帧	31423	0.998965
2552	畔	31399	0.998968
2553	眶	31344	0.99897
2554	玲	31232	0.998973
2555	肠	31227	0.998975
2556	忱	31001	0.998978
2557	胖	30990	0.99898
2558	扔	30933	0.998983
2559	哎	30898	0.998985
2560	捆	30852	0.998988
2561	秽	30795	0.99899
2562	舟	30791	0.998993
2563	煽	30604	0.998995
2564	恪	30602	0.998998
2565	臭	30528	0.999
2566	谦	30457	0.999002
2567	烁	30400	0.999005
2568	栩	30379	0.999007
2569	屑	30324	0.99901
2570	漉	30240	0.999012
2571	谜	30223	0.999015
2572	昼	30127	0.999017
2573	胚	30115	0.999019
2574	扯	30086	0.999022
2575	挨	30053	0.999024
2576	泌	30042	0.999027
2577	雾	29987	0.999029
2578	敷	29962	0.999031
2579	烯	29859	0.999034
2580	毗	29857	0.999036
2581	惶	29828	0.999039
2582	锈	29796	0.999041
2583	坷	29782	0.999043
2584	坝	29678	0.999046
2585	冯	29677	0.999048
2586	耦	29644	0.999051
2587	汁	29644	0.999053
2588	讳	29537	0.999055
2589	坠	29442	0.999058
2590	巳	29415	0.99906
2591	歩	29111	0.999062
2592	艳	29055	0.999065
2593	咳	29008	0.999067
2594	嚣	28995	0.999069
2595	禅	28979	0.999072
2596	铲	28937	0.999074
2597	琼	28853	0.999076
2598	萃	28775	0.999079
2599	嗜	28723	0.999081
2600	韧	28616	0.999083
2601	伞	28553	0.999085
2602	腕	28447	0.999088
2603	紫	28153	0.99909
2604	岂	28108	0.999092
2605	觅	28055	0.999094
2606	吏	27989	0.999097
2607	刮	27979	0.999099
2608	柯	27965	0.999101
2609	蔗	27886	0.999103
2610	韵	27673	0.999106
2611	梧	27498	0.999108
2612	咬	27487	0.99911
2613	酵	27474	0.999112
2614	墟	27353	0.999114
2615	衬	27305	0.999117
2616	裨	27100	0.999119
2617	酋	27087	0.999121
2618	芭	26962	0.999123
2619	巾	26903	0.999125
2620	斧	26868	0.999127
2621	丫	26837	0.99913
2622	睫	26806	0.999132
2623	裳	26506	0.999134
2624	浆	26461	0.999136
2625	霞	26412	0.999138
2626	穴	26358	0.99914
2627	肾	26322	0.999142
2628	珊	26228	0.999144
2629	衅	26195	0.999147
2630	烹	26072	0.999149
2631	乞	25872	0.999151
2632	椎	25813	0.999153
2633	暨	25806	0.999155
2634	醇	25688	0.999157
2635	抖	25623	0.999159
2636	萝	25506	0.999161
2637	熬	25429	0.999163
2638	窘	25416	0.999165
2639	寥	25411	0.999167
2640	潘	25404	0.999169
2641	鄙	25391	0.999171
2642	憎	25355	0.999173
2643	疵	25295	0.999175
2644	缪	25191	0.999177
2645	岭	25129	0.999179
2646	捏	25096	0.999181
2647	叭	25046	0.999183
2648	睬	25017	0.999185
2649	舱	25005	0.999187
2650	桃	24966	0.999189
2651	耿	24757	0.999191
2652	襟	24702	0.999193
2653	逞	24696	0.999195
2654	栽	24641	0.999197
2655	毯	24620	0.999199
2656	瞧	24584	0.999201
2657	饼	24418	0.999203
2658	翌	24395	0.999205
2659	伺	24358	0.999207
2660	斐	24286	0.999209
2661	脖	24264	0.999211
2662	魁	24069	0.999213
2663	瑕	24010	0.999215
2664	戮	23983	0.999217
2665	莉	23794	0.999219
2666	纭	23790	0.999221
2667	冤	23648	0.999222
2668	荆	23596	0.999224
2669	卦	23512	0.999226
2670	肘	23452	0.999228
2671	簿	23425	0.99923
2672	饶	23343	0.999232
2673	躁	23308	0.999234
2674	忏	23301	0.999236
2675	渺	23178	0.999237
2676	霉	23173	0.999239
2677	槽	23169	0.999241
2678	扇	23143	0.999243
2679	夯	23138	0.999245
2680	妮	23122	0.999247
2681	俯	23108	0.999249
2682	郭	23057	0.99925
2683	诀	23006	0.999252
2684	惮	22962	0.999254
2685	膝	22938	0.999256
2686	勋	22844	0.999258
2687	湘	22797	0.99926
2688	跻	22748	0.999261
2689	殴	22620	0.999263
2690	猩	22616	0.999265
2691	炙	22604	0.999267
2692	帷	22516	0.999269
2693	咐	22486	0.99927
2694	鞭	22445	0.999272
2695	悯	22423	0.999274
2696	哦	22415	0.999276
2697	痹	22402	0.999278
2698	斟	22402	0.999279
2699	卧	22357	0.999281
2700	骼	22285	0.999283
2701	苟	22256	0.999285
2702	缉	22124	0.999287
2703	蚁	22067	0.999288
2704	皂	21995	0.99929
2705	纬	21985	0.999292
2706	盎	21975	0.999294
2707	窒	21962	0.999295
2708	棚	21956	0.999297
2709	哑	21949	0.999299
2710	喃	21942	0.999301
2711	缮	21884	0.999302
2712	锣	21856	0.999304
2713	踢	21740	0.999306
2714	溜	21670	0.999308
2715	曙	21573	0.999309
2716	撇	21535	0.999311
2717	蹊	21530	0.999313
2718	茄	21523	0.999315
2719	碗	21438	0.999316
2720	劾	21401	0.999318
2721	岳	21384	0.99932
2722	愁	21362	0.999321
2723	姚	21358	0.999323
2724	棵	21317	0.999325
2725	氨	21287	0.999327
2726	潢	21074	0.999328
2727	懒	21055	0.99933
2728	踊	21033	0.999332
2729	厕	21033	0.999333
2730	夭	20956	0.999335
2731	煎	20954	0.999337
2732	谤	20900	0.999338
2733	喂	20900	0.99934
2734	锢	20874	0.999342
2735	嫂	20789	0.999343
2736	倚	20694	0.999345
2737	铝	20679	0.999347
2738	殷	20646	0.999348
2739	谛	20642	0.99935
2740	靖	20539	0.999352
2741	燕	20504	0.999353
2742	陛	20478	0.999355
2743	焊	20467	0.999357
2744	趁	20431	0.999358
2745	仕	20372	0.99936
2746	啸	20282	0.999361
2747	柄	20253	0.999363
2748	喉	20225	0.999365
2749	憬	20169	0.999366
2750	憧	20169	0.999368
2751	蚂	20122	0.99937
2752	缀	20062	0.999371
2753	狮	20056	0.999373
2754	彭	19989	0.999374
2755	摔	19956	0.999376
2756	羁	19911	0.999378
2757	霜	19832	0.999379
2758	邃	19808	0.999381
2759	蜕	19808	0.999382
2760	迢	19788	0.999384
2761	翅	19779	0.999386
2762	芸	19728	0.999387
2763	裙	19721	0.999389
2764	猖	19679	0.99939
2765	篡	19616	0.999392
2766	烛	19611	0.999393
2767	呕	19567	0.999395
2768	氢	19470	0.999397
2769	棕	19425	0.999398
2770	咸	19394	0.9994
2771	铅	19219	0.999401
2772	聆	19197	0.999403
2773	赦	19167	0.999404
2774	娠	19153	0.999406
2775	妊	19153	0.999407
2776	娩	19152	0.999409
2777	栈	19083	0.99941
2778	瀑	19082	0.999412
2779	哮	19036	0.999413
2780	娓	18984	0.999415
2781	狡	18969	0.999417
2782	煞	18831	0.999418
2783	掏	18702	0.99942
2784	寐	18673	0.999421
2785	韶	18631	0.999423
2786	颓	18626	0.999424
2787	陀	18618	0.999425
2788	菩	18568	0.999427
2789	咚	18555	0.999428
2790	瑜	18518	0.99943
2791	獗	18476	0.999431
2792	旷	18467	0.999433
2793	诽	18423	0.999434
2794	咒	18389	0.999436
2795	蕾	18369	0.999437
2796	诣	18353	0.999439
2797	窦	18338	0.99944
2798	琳	18311	0.999442
2799	蝶	18293	0.999443
2800	嗅	18256	0.999445
2801	渝	18232	0.999446
2802	吕	18206	0.999448
2803	揣	18198	0.999449
2804	酉	18182	0.999451
2805	殆	18050	0.999452
2806	忑	18017	0.999453
2807	辣	17983	0.999455
2808	钝	17931	0.999456
2809	蛛	17846	0.999458
2810	赡	17796	0.999459
2811	哇	17792	0.999461
2812	弛	17747	0.999462
2813	祉	17729	0.999463
2814	胰	17598	0.999465
2815	屹	17581	0.999466
2816	孝	17551	0.999468
2817	砖	17490	0.999469
2818	浊	17428	0.99947
2819	罐	17332	0.999472
2820	岚	17289	0.999473
2821	涡	17283	0.999475
2822	诡	17228	0.999476
2823	跋	17201	0.999477
2824	宛	17188	0.999479
2825	巢	17143	0.99948
2826	卵	17118	0.999481
2827	伽	17061	0.999483
2828	蚊	17033	0.999484
2829	熔	17033	0.999486
2830	掷	17009	0.999487
2831	玄	16966	0.999488
2832	瑚	16881	0.99949
2833	踵	16877	0.999491
2834	爪	16837	0.999492
2835	朔	16803	0.999494
2836	椒	16783	0.999495
2837	斡	16736	0.999496
2838	胧	16689	0.999498
2839	哼	16678	0.999499
2840	渤	16655	0.9995
2841	忡	16654	0.999502
2842	贼	16528	0.999503
2843	箅	16523	0.999504
2844	暧	16461	0.999506
2845	泾	16446	0.999507
2846	侥	16439	0.999508
2847	贤	16256	0.99951
2848	乖	16057	0.999511
2849	潭	16050	0.999512
2850	凳	16048	0.999514
2851	蹴	16033	0.999515
2852	缭	16004	0.999516
2853	淌	15993	0.999517
2854	皿	15959	0.999519
2855	绰	15958	0.99952
2856	丙	15925	0.999521
2857	莲	15841	0.999522
2858	惋	15823	0.999524
2859	唆	15750	0.999525
2860	枉	15749	0.999526
2861	氓	15745	0.999528
2862	酶	15726	0.999529
2863	澎	15712	0.99953
2864	菊	15587	0.999531
2865	缸	15544	0.999533
2866	姨	15538	0.999534
2867	攘	15532	0.999535
2868	吝	15520	0.999536
2869	衫	15454	0.999538
2870	恭	15363	0.999539
2871	鸭	15320	0.99954
2872	芦	15310	0.999541
2873	眺	15270	0.999542
2874	袁	15258	0.999544
2875	瞪	15232	0.999545
2876	缤	15154	0.999546
2877	沧	15135	0.999547
2878	稠	15103	0.999549
2879	灶	15035	0.99955
2880	佑	15032	0.999551
2881	瞭	14995	0.999552
2882	遴	14989	0.999553
2883	膳	14970	0.999555
2884	屁	14922	0.999556
2885	猾	14859	0.999557
2886	陡	14815	0.999558
2887	仆	14794	0.999559
2888	瘠	14739	0.99956
2889	藻	14732	0.999562
2890	蔚	14700	0.999563
2891	媲	14650	0.999564
2892	蝇	14633	0.999565
2893	渎	14593	0.999566
2894	崖	14557	0.999568
2895	芳	14541	0.999569
2896	炫	14493	0.99957
2897	瘟	14488	0.999571
2898	蜒	14480	0.999572
2899	洒	14455	0.999573
2900	棺	14442	0.999574
2901	怯	14394	0.999576
2902	崎	14370	0.999577
2903	沓	14361	0.999578
2904	孽	14352	0.999579
2905	骸	14343	0.99958
2906	漆	14312	0.999581
2907	汶	14273	0.999583
2908	遐	14226	0.999584
2909	迩	14226	0.999585
2910	笨	14221	0.999586
2911	轩	14204	0.999587
2912	渭	14204	0.999588
2913	饪	14174	0.999589
2914	斩	14097	0.999591
2915	蛙	14085	0.999592
2916	呐	14056	0.999593
2917	鹿	14033	0.999594
2918	琶	14015	0.999595
2919	芒	13938	0.999596
2920	藤	13931	0.999597
2921	碱	13908	0.999598
2922	茵	13884	0.999599
2923	吱	13851	0.999601
2924	礁	13845	0.999602
2925	驼	13842	0.999603
2926	狐	13830	0.999604
2927	蚕	13818	0.999605
2928	捣	13804	0.999606
2929	硝	13795	0.999607
2930	琛	13773	0.999608
2931	撕	13764	0.999609
2932	诵	13739	0.999611
2933	笛	13737	0.999612
2934	脍	13672	0.999613
2935	焚	13664	0.999614
2936	耘	13657	0.999615
2937	阪	13641	0.999616
2938	朦	13549	0.999617
2939	拙	13535	0.999618
2940	丐	13506	0.999619
2941	窑	13491	0.99962
2942	犬	13466	0.999621
2943	亥	13465	0.999623
2944	狸	13416	0.999624
2945	腻	13311	0.999625
2946	弓	13298	0.999626
2947	痊	13289	0.999627
2948	绣	13279	0.999628
2949	碟	13260	0.999629
2950	噬	13256	0.99963
2951	迥	13199	0.999631
2952	汀	13140	0.999632
2953	滇	13132	0.999633
2954	镕	13089	0.999634
2955	颅	13070	0.999635
2956	烤	13066	0.999636
2957	媚	13060	0.999637
2958	雀	13041	0.999638
2959	涩	13032	0.999639
2960	甄	13007	0.99964
2961	俊	12947	0.999642
2962	垫	12943	0.999643
2963	拮	12917	0.999644
2964	斓	12907	0.999645
2965	竖	12784	0.999646
2966	眈	12769	0.999647
2967	帖	12623	0.999648
2968	颤	12513	0.999649
2969	噩	12498	0.99965
2970	泻	12475	0.999651
2971	狄	12400	0.999652
2972	蝴	12393	0.999653
2973	屉	12341	0.999654
2974	泵	12304	0.999655
2975	雹	12290	0.999656
2976	骋	12276	0.999657
2977	叮	12270	0.999658
2978	疟	12265	0.999659
2979	峭	12227	0.99966
2980	蜡	12226	0.999661
2981	钊	12218	0.999662
2982	吩	12164	0.999663
2983	栅	12143	0.999663
2984	枷	12084	0.999664
2985	绒	12078	0.999665
2986	涤	11989	0.999666
2987	黔	11977	0.999667
2988	咫	11938	0.999668
2989	沐	11854	0.999669
2990	辍	11788	0.99967
2991	馨	11775	0.999671
2992	嵘	11701	0.999672
2993	洼	11699	0.999673
2994	幌	11508	0.999674
2995	眷	11480	0.999675
2996	伎	11479	0.999676
2997	窍	11453	0.999677
2998	疹	11447	0.999678
2999	闯	11363	0.999679
3000	诧	11283	0.999679
3001	鹰	11272	0.99968
3002	枕	11154	0.999681
3003	聋	11085	0.999682
3004	釜	11064	0.999683
3005	咀	11052	0.999684
3006	馁	11051	0.999685
3007	蹄	11012	0.999686
3008	乂	10896	0.999687
3009	逛	10882	0.999687
3010	苯	10798	0.999688
3011	罔	10785	0.999689
3012	诋	10773	0.99969
3013	庐	10756	0.999691
3014	悚	10750	0.999692
3015	哨	10743	0.999693
3016	筒	10685	0.999693
3017	辫	10671	0.999694
3018	梵	10671	0.999695
3019	湄	10669	0.999696
3020	杖	10640	0.999697
3021	峨	10639	0.999698
3022	屯	10611	0.999699
3023	璇	10591	0.999699
3024	褒	10483	0.9997
3025	帘	10478	0.999701
3026	躇	10458	0.999702
3027	踌	10458	0.999703
3028	绞	10458	0.999704
3029	诙	10456	0.999704
3030	嚼	10450	0.999705
3031	氮	10449	0.999706
3032	倪	10419	0.999707
3033	狼	10387	0.999708
3034	炽	10371	0.999709
3035	诿	10358	0.999709
3036	蔡	10319	0.99971
3037	涅	10284	0.999711
3038	兔	10263	0.999712
3039	菱	10248	0.999713
3040	坤	10213	0.999714
3041	粼	10209	0.999714
3042	驯	10206	0.999715
3043	荼	10194	0.999716
3044	雌	10168	0.999717
3045	砌	10137	0.999718
3046	禹	10125	0.999718
3047	岌	10122	0.999719
3048	潦	10116	0.99972
3049	蹭	10096	0.999721
3050	亵	10084	0.999722
3051	唬	10071	0.999723
3052	孰	10064	0.999723
3053	芜	10024	0.999724
3054	跤	10015	0.999725
3055	棱	9967	0.999726
3056	忐	9959	0.999727
3057	茁	9942	0.999727
3058	臃	9937	0.999728
3059	晒	9899	0.999729
3060	滔	9896	0.99973
3061	殡	9881	0.99973
3062	荫	9871	0.999731
3063	拇	9864	0.999732
3064	黏	9858	0.999733
3065	嗣	9852	0.999734
3066	悍	9817	0.999734
3067	燎	9742	0.999735
3068	烬	9729	0.999736
3069	粥	9726	0.999737
3070	籽	9708	0.999738
3071	汾	9707	0.999738
3072	沾	9696	0.999739
3073	赣	9690	0.99974
3074	疤	9550	0.999741
3075	沥	9536	0.999741
3076	粤	9533	0.999742
3077	牒	9497	0.999743
3078	臻	9477	0.999744
3079	炯	9476	0.999744
3080	轶	9473	0.999745
3081	哄	9451	0.999746
3082	蛇	9450	0.999747
3083	荟	9447	0.999747
3084	躬	9434	0.999748
3085	攸	9434	0.999749
3086	囿	9433	0.99975
3087	殉	9422	0.999751
3088	巅	9422	0.999751
3089	虞	9410	0.999752
3090	俨	9402	0.999753
3091	雏	9392	0.999754
3092	髦	9389	0.999754
3093	蕃	9376	0.999755
3094	皱	9370	0.999756
3095	粪	9365	0.999757
3096	瓣	9316	0.999757
3097	琵	9311	0.999758
3098	谭	9310	0.999759
3099	筷	9267	0.99976
3100	勿	9256	0.99976
3101	绚	9233	0.999761
3102	彝	9169	0.999762
3103	迸	9156	0.999762
3104	蓉	9142	0.999763
3105	闸	9138	0.999764
3106	塾	9078	0.999765
3107	丸	9054	0.999765
3108	斋	9024	0.999766
3109	邸	9016	0.999767
3110	藐	9015	0.999768
3111	躏	9010	0.999768
3112	蹂	9010	0.999769
3113	澈	8990	0.99977
3114	灼	8963	0.99977
3115	姗	8955	0.999771
3116	娶	8926	0.999772
3117	宵	8870	0.999773
3118	儡	8852	0.999773
3119	毎	8818	0.999774
3120	浜	8799	0.999775
3121	鹅	8756	0.999775
3122	栋	8744	0.999776
3123	孪	8712	0.999777
3124	虾	8673	0.999778
3125	砥	8673	0.999778
3126	漳	8648	0.999779
3127	焉	8638	0.99978
3128	摈	8635	0.99978
3129	捺	8634	0.999781
3130	饵	8586	0.999782
3131	庚	8560	0.999782
3132	鸽	8532	0.999783
3133	烽	8528	0.999784
3134	圃	8481	0.999784
3135	弩	8465	0.999785
3136	侄	8451	0.999786
3137	迂	8444	0.999786
3138	梗	8430	0.999787
3139	霖	8422	0.999788
3140	翠	8418	0.999788
3141	凹	8398	0.999789
3142	埠	8385	0.99979
3143	莽	8382	0.99979
3144	棍	8368	0.999791
3145	膊	8349	0.999792
3146	盔	8347	0.999792
3147	烷	8345	0.999793
3148	攫	8323	0.999794
3149	挟	8295	0.999794
3150	肮	8227	0.999795
3151	膏	8204	0.999796
3152	涕	8196	0.999796
3153	铀	8183	0.999797
3154	湍	8169	0.999798
3155	逍	8133	0.999798
3156	殃	8127	0.999799
3157	牡	8116	0.9998
3158	腆	8107	0.9998
3159	酗	8099	0.999801
3160	砸	8091	0.999802
3161	搀	8086	0.999802
3162	瘩	8085	0.999803
3163	榻	8043	0.999804
3164	嘟	8022	0.999804
3165	沂	7991	0.999805
3166	兀	7965	0.999806
3167	坍	7962	0.999806
3168	漩	7938	0.999807
3169	乍	7906	0.999807
3170	阈	7905	0.999808
3171	痉	7899	0.999809
3172	挛	7899	0.999809
3173	宦	7821	0.99981
3174	缜	7809	0.999811
3175	砺	7795	0.999811
3176	鄂	7747	0.999812
3177	嬉	7734	0.999812
3178	橱	7722	0.999813
3179	淇	7699	0.999814
3180	恙	7684	0.999814
3181	赘	7681	0.999815
3182	莠	7633	0.999816
3183	晕	7633	0.999816
3184	歹	7628	0.999817
3185	躯	7624	0.999817
3186	磅	7560	0.999818
3187	冥	7469	0.999819
3188	徨	7455	0.999819
3189	惹	7437	0.99982
3190	傀	7418	0.99982
3191	竿	7417	0.999821
3192	拂	7400	0.999822
3193	赈	7394	0.999822
3194	膛	7384	0.999823
3195	窥	7384	0.999823
3196	碉	7382	0.999824
3197	栗	7382	0.999825
3198	痒	7368	0.999825
3199	阜	7359	0.999826
3200	瘾	7348	0.999826
3201	诬	7323	0.999827
3202	苷	7321	0.999827
3203	犁	7305	0.999828
3204	飓	7282	0.999829
3205	飙	7269	0.999829
3206	挞	7226	0.99983
3207	徇	7219	0.99983
3208	栓	7199	0.999831
3209	怡	7184	0.999832
3210	袒	7159	0.999832
3211	刽	7143	0.999833
3212	煮	7142	0.999833
3213	彗	7123	0.999834
3214	钠	7118	0.999834
3215	秆	7113	0.999835
3216	奎	7100	0.999836
3217	琢	7091	0.999836
3218	骆	7086	0.999837
3219	铉	7067	0.999837
3220	拭	7055	0.999838
3221	柩	7029	0.999838
3222	邢	7014	0.999839
3223	亭	6965	0.999839
3224	蜘	6949	0.99984
3225	寅	6935	0.999841
3226	贞	6928	0.999841
3227	嵇	6916	0.999842
3228	唁	6903	0.999842
3229	灸	6887	0.999843
3230	彪	6874	0.999843
3231	璨	6831	0.999844
3232	璀	6831	0.999844
3233	谚	6825	0.999845
3234	跪	6808	0.999846
3235	辗	6777	0.999846
3236	炊	6774	0.999847
3237	囤	6773	0.999847
3238	霓	6761	0.999848
3239	粟	6754	0.999848
3240	惬	6753	0.999849
3241	岖	6736	0.999849
3242	渣	6722	0.99985
3243	趴	6644	0.99985
3244	槟	6634	0.999851
3245	痼	6611	0.999851
3246	蜀	6596	0.999852
3247	舵	6577	0.999853
3248	茉	6570	0.999853
3249	峪	6544	0.999854
3250	潍	6541	0.999854
3251	踩	6531	0.999855
3252	拌	6530	0.999855
3253	淳	6523	0.999856
3254	莆	6520	0.999856
3255	麓	6510	0.999857
3256	唉	6507	0.999857
3257	甩	6496	0.999858
3258	凄	6496	0.999858
3259	寇	6484	0.999859
3260	梨	6482	0.999859
3261	蹲	6447	0.99986
3262	攒	6407	0.99986
3263	恫	6405	0.999861
3264	骇	6332	0.999861
3265	矮	6318	0.999862
3266	庶	6313	0.999862
3267	脯	6289	0.999863
3268	湃	6272	0.999863
3269	弧	6259	0.999864
3270	辄	6250	0.999864
3271	侍	6243	0.999865
3272	橄	6236	0.999865
3273	榄	6236	0.999866
3274	诲	6233	0.999866
3275	俑	6216	0.999867
3276	冉	6209	0.999867
3277	瞥	6203	0.999868
3278	愕	6195	0.999868
3279	汐	6152	0.999869
3280	禺	6144	0.999869
3281	蕉	6123	0.99987
3282	菇	6122	0.99987
3283	犀	6122	0.999871
3284	琅	6101	0.999871
3285	狙	6070	0.999872
3286	伹	6070	0.999872
3287	鞠	6034	0.999873
3288	碧	6032	0.999873
3289	膺	6016	0.999874
3290	吼	6014	0.999874
3291	胫	6006	0.999875
3292	札	5958	0.999875
3293	瑶	5935	0.999876
3294	荀	5933	0.999876
3295	咙	5932	0.999877
3296	嗡	5898	0.999877
3297	菏	5855	0.999878
3298	岔	5852	0.999878
3299	酪	5820	0.999879
3300	渍	5820	0.999879
3301	旭	5785	0.999879
3302	熹	5769	0.99988
3303	砰	5756	0.99988
3304	氯	5742	0.999881
3305	俸	5730	0.999881
3306	簇	5719	0.999882
3307	嚏	5718	0.999882
3308	淞	5706	0.999883
3309	黯	5705	0.999883
3310	淄	5691	0.999884
3311	榔	5690	0.999884
3312	嘘	5684	0.999884
3313	葺	5674	0.999885
3314	徕	5640	0.999885
3315	箴	5634	0.999886
3316	丄	5630	0.999886
3317	掣	5600	0.999887
3318	葫	5598	0.999887
3319	豹	5593	0.999888
3320	悴	5557	0.999888
3321	罂	5509	0.999889
3322	榈	5497	0.999889
3323	秸	5492	0.999889
3324	砂	5443	0.99989
3325	藩	5434	0.99989
3326	潇	5434	0.999891
3327	厶	5425	0.999891
3328	瀚	5415	0.999892
3329	禄	5392	0.999892
3330	钳	5390	0.999892
3331	恍	5385	0.999893
3332	牍	5382	0.999893
3333	漱	5374	0.999894
3334	疮	5369	0.999894
3335	剽	5356	0.999895
3336	瑙	5349	0.999895
3337	颉	5341	0.999895
3338	蚱	5305	0.999896
3339	锤	5304	0.999896
3340	皈	5303	0.999897
3341	沽	5291	0.999897
3342	瓴	5289	0.999898
3343	揉	5279	0.999898
3344	婉	5277	0.999898
3345	蛐	5267	0.999899
3346	疚	5249	0.999899
3347	荧	5240	0.9999
3348	妖	5210	0.9999
3349	倔	5192	0.999901
3350	浇	5185	0.999901
3351	邵	5177	0.999901
3352	罹	5157	0.999902
3353	疡	5153	0.999902
3354	镶	5113	0.999903
3355	酱	5054	0.999903
3356	惺	5042	0.999903
3357	轧	5009	0.999904
3358	疙	4980	0.999904
3359	涎	4971	0.999905
3360	厮	4969	0.999905
3361	淸	4939	0.999905
3362	琉	4929	0.999906
3363	邹	4909	0.999906
3364	卞	4896	0.999907
3365	铤	4881	0.999907
3366	溺	4865	0.999907
3367	甫	4847	0.999908
3368	鸯	4799	0.999908
3369	扒	4789	0.999909
3370	樊	4771	0.999909
3371	麟	4749	0.999909
3372	滂	4738	0.99991
3373	沱	4738	0.99991
3374	郴	4735	0.99991
3375	畿	4710	0.999911
3376	诟	4683	0.999911
3377	蟹	4665	0.999912
3378	蹋	4640	0.999912
3379	尉	4636	0.999912
3380	衙	4633	0.999913
3381	曳	4630	0.999913
3382	隋	4595	0.999913
3383	齢	4589	0.999914
3384	啬	4583	0.999914
3385	栉	4565	0.999915
3386	芙	4564	0.999915
3387	祇	4547	0.999915
3388	宕	4532	0.999916
3389	诅	4527	0.999916
3390	泸	4525	0.999916
3391	砝	4507	0.999917
3392	襄	4492	0.999917
3393	苇	4492	0.999917
3394	魇	4479	0.999918
3395	眩	4472	0.999918
3396	祟	4451	0.999918
3397	槃	4433	0.999919
3398	剰	4433	0.999919
3399	蘑	4420	0.99992
3400	彷	4419	0.99992
3401	萦	4413	0.99992
3402	焘	4404	0.999921
3403	褐	4383	0.999921
3404	姜	4381	0.999921
3405	馅	4337	0.999922
3406	剿	4333	0.999922
3407	兮	4305	0.999922
3408	瞰	4303	0.999923
3409	崔	4268	0.999923
3410	憔	4239	0.999923
3411	対	4228	0.999924
3412	町	4226	0.999924
3413	咽	4225	0.999924
3414	搅	4180	0.999925
3415	锌	4176	0.999925
3416	撂	4167	0.999925
3417	寝	4167	0.999926
3418	铎	4166	0.999926
3419	嚓	4164	0.999926
3420	坯	4143	0.999927
3421	篆	4125	0.999927
3422	骏	4124	0.999927
3423	扉	4112	0.999928
3424	懦	4079	0.999928
3425	娴	4059	0.999928
3426	谩	4049	0.999929
3427	禧	4040	0.999929
3428	苑	3993	0.999929
3429	肴	3992	0.99993
3430	胳	3989	0.99993
3431	胺	3983	0.99993
3432	拣	3974	0.999931
3433	靴	3972	0.999931
3434	讹	3967	0.999931
3435	赃	3954	0.999932
3436	镳	3939	0.999932
3437	遑	3935	0.999932
3438	蠕	3933	0.999933
3439	翩	3933	0.999933
3440	犷	3926	0.999933
3441	弭	3894	0.999933
3442	袍	3851	0.999934
3443	箍	3820	0.999934
3444	溟	3811	0.999934
3445	徜	3797	0.999935
3446	徉	3797	0.999935
3447	邱	3789	0.999935
3448	翡	3756	0.999936
3449	臆	3739	0.999936
3450	镖	3736	0.999936
3451	啥	3731	0.999937
3452	柿	3727	0.999937
3453	嘈	3705	0.999937
3454	褪	3688	0.999937
3455	碚	3677	0.999938
3456	玷	3642	0.999938
3457	鳄	3634	0.999938
3458	钙	3629	0.999939
3459	谧	3622	0.999939
3460	昙	3615	0.999939
3461	轼	3611	0.999939
3462	桨	3611	0.99994
3463	羔	3604	0.99994
3464	壶	3591	0.99994
3465	咪	3571	0.999941
3466	俚	3565	0.999941
3467	嫦	3563	0.999941
3468	娥	3563	0.999941
3469	兖	3561	0.999942
3470	镰	3541	0.999942
3471	捡	3540	0.999942
3472	砾	3531	0.999943
3473	粕	3486	0.999943
3474	绷	3479	0.999943
3475	戳	3420	0.999943
3476	聂	3401	0.999944
3477	歼	3395	0.999944
3478	侗	3390	0.999944
3479	搐	3335	0.999944
3480	鳞	3302	0.999945
3481	彦	3298	0.999945
3482	痘	3296	0.999945
3483	吆	3291	0.999946
3484	磷	3289	0.999946
3485	唾	3289	0.999946
3486	眨	3280	0.999946
3487	掖	3242	0.999947
3488	磊	3224	0.999947
3489	咏	3220	0.999947
3490	笠	3216	0.999947
3491	趾	3203	0.999948
3492	篱	3196	0.999948
3493	笆	3196	0.999948
3494	娅	3196	0.999948
3495	淑	3188	0.999949
3496	勰	3186	0.999949
3497	龚	3181	0.999949
3498	闵	3166	0.999949
3499	蹶	3077	0.99995
3500	胱	3074	0.99995
3501	禀	3067	0.99995
3502	萍	3063	0.99995
3503	傣	3056	0.999951
3504	骡	3054	0.999951
3505	榨	3049	0.999951
3506	弋	3042	0.999951
3507	忻	3012	0.999952
3508	绌	3006	0.999952
3509	渥	3000	0.999952
3510	暮	2997	0.999952
3511	泯	2979	0.999953
3512	觑	2969	0.999953
3513	漯	2969	0.999953
3514	讧	2968	0.999953
3515	彤	2966	0.999954
3516	踝	2948	0.999954
3517	瞑	2942	0.999954
3518	鲤	2934	0.999954
3519	讣	2929	0.999954
3520	酯	2921	0.999955
3521	甥	2919	0.999955
3522	苔	2918	0.999955
3523	绯	2913	0.999955
3524	臬	2911	0.999956
3525	孚	2902	0.999956
3526	枣	2898	0.999956
3527	闰	2896	0.999956
3528	笺	2862	0.999957
3529	薛	2855	0.999957
3530	窿	2848	0.999957
3531	粽	2834	0.999957
3532	冇	2828	0.999957
3533	晦	2819	0.999958
3534	谟	2817	0.999958
3535	黜	2796	0.999958
3536	戛	2790	0.999958
3537	秧	2789	0.999959
3538	岱	2760	0.999959
3539	癖	2757	0.999959
3540	铐	2747	0.999959
3541	冀	2743	0.999959
3542	兜	2727	0.99996
3543	靶	2723	0.99996
3544	鲸	2718	0.99996
3545	茬	2705	0.99996
3546	麾	2704	0.999961
3547	剃	2699	0.999961
3548	谕	2652	0.999961
3549	擘	2633	0.999961
3550	鹊	2631	0.999961
3551	芹	2623	0.999962
3552	榭	2621	0.999962
3553	碘	2585	0.999962
3554	糯	2571	0.999962
3555	疽	2537	0.999962
3556	禾	2528	0.999963
3557	卒	2509	0.999963
3558	懊	2498	0.999963
3559	壑	2486	0.999963
3560	墩	2486	0.999963
3561	蒜	2485	0.999964
3562	搓	2476	0.999964
3563	屮	2474	0.999964
3564	烫	2469	0.999964
3565	绥	2462	0.999964
3566	橘	2456	0.999965
3567	柑	2456	0.999965
3568	璋	2450	0.999965
3569	胥	2447	0.999965
3570	棠	2447	0.999965
3571	羹	2441	0.999966
3572	涪	2397	0.999966
3573	揪	2375	0.999966
3574	壬	2375	0.999966
3575	盏	2374	0.999966
3576	阎	2373	0.999967
3577	蚌	2372	0.999967
3578	癸	2372	0.999967
3579	矗	2371	0.999967
3580	酰	2366	0.999967
3581	噱	2350	0.999968
3582	纰	2337	0.999968
3583	尹	2329	0.999968
3584	檀	2317	0.999968
3585	蓟	2307	0.999968
3586	瞿	2302	0.999968
3587	裴	2283	0.999969
3588	羌	2282	0.999969
3589	蚤	2273	0.999969
3590	篝	2269	0.999969
3591	铬	2266	0.999969
3592	肋	2259	0.99997
3593	螃	2256	0.99997
3594	馑	2255	0.99997
3595	绽	2227	0.99997
3596	贻	2198	0.99997
3597	蝗	2178	0.99997
3598	啮	2163	0.999971
3599	嘿	2162	0.999971
3600	拎	2160	0.999971
3601	纫	2151	0.999971
3602	吟	2151	0.999971
3603	盹	2122	0.999971
3604	拱	2117	0.999972
3605	泗	2107	0.999972
3606	吋	2105	0.999972
3607	厥	2085	0.999972
3608	鳌	2076	0.999972
3609	擒	2053	0.999972
3610	猝	2052	0.999973
3611	鸥	2051	0.999973
3612	锥	2041	0.999973
3613	镀	2032	0.999973
3614	幔	2019	0.999973
3615	蚯	2001	0.999973
3616	蚓	2001	0.999974
3617	濮	2000	0.999974
3618	尧	1996	0.999974
3619	樱	1989	0.999974
3620	妃	1980	0.999974
3621	芥	1979	0.999974
3622	皓	1972	0.999975
3623	嚷	1971	0.999975
3624	睑	1967	0.999975
3625	楣	1962	0.999975
3626	颐	1948	0.999975
3627	镯	1926	0.999975
3628	偌	1911	0.999976
3629	啻	1907	0.999976
3630	莓	1903	0.999976
3631	簧	1892	0.999976
3632	姬	1887	0.999976
3633	蝉	1885	0.999976
3634	葩	1885	0.999976
3635	闽	1876	0.999977
3636	桅	1873	0.999977
3637	媳	1873	0.999977
3638	郝	1859	0.999977
3639	舜	1842	0.999977
3640	镍	1837	0.999977
3641	穗	1835	0.999977
3642	酣	1823	0.999978
3643	凋	1820	0.999978
3644	烩	1803	0.999978
3645	藉	1796	0.999978
3646	娄	1793	0.999978
3647	爹	1784	0.999978
3648	溅	1769	0.999978
3649	璧	1766	0.999979
3650	薯	1755	0.999979
3651	蒿	1740	0.999979
3652	贽	1730	0.999979
3653	涮	1729	0.999979
3654	鹃	1725	0.999979
3655	鹤	1722	0.999979
3656	妾	1721	0.99998
3657	偎	1707	0.99998
3658	汝	1698	0.99998
3659	憩	1697	0.99998
3660	惦	1694	0.99998
3661	嗤	1693	0.99998
3662	睾	1677	0.99998
3663	醴	1674	0.999981
3664	陨	1664	0.999981
3665	鹦	1654	0.999981
3666	鹉	1654	0.999981
3667	磺	1653	0.999981
3668	斌	1652	0.999981
3669	醛	1651	0.999981
3670	篓	1650	0.999981
3671	廖	1638	0.999982
3672	鸳	1635	0.999982
3673	铢	1630	0.999982
3674	桓	1630	0.999982
3675	洱	1625	0.999982
3676	涸	1620	0.999982
3677	敎	1620	0.999982
3678	臀	1607	0.999983
3679	藓	1606	0.999983
3680	氟	1595	0.999983
3681	梢	1590	0.999983
3682	扛	1587	0.999983
3683	咆	1585	0.999983
3684	匡	1584	0.999983
3685	艮	1578	0.999983
3686	枫	1576	0.999984
3687	垢	1571	0.999984
3688	敖	1570	0.999984
3689	锚	1569	0.999984
3690	笃	1561	0.999984
3691	咋	1558	0.999984
3692	蜿	1547	0.999984
3693	脐	1547	0.999984
3694	皖	1537	0.999985
3695	脓	1532	0.999985
3696	檬	1531	0.999985
3697	柠	1531	0.999985
3698	寰	1531	0.999985
3699	鸵	1527	0.999985
3700	実	1523	0.999985
3701	腓	1522	0.999985
3702	莅	1520	0.999986
3703	嬗	1520	0.999986
3704	浚	1517	0.999986
3705	侏	1509	0.999986
3706	饺	1508	0.999986
3707	恺	1504	0.999986
3708	猕	1497	0.999986
3709	疣	1494	0.999986
3710	痣	1491	0.999986
3711	傈	1480	0.999987
3712	烘	1479	0.999987
3713	诂	1464	0.999987
3714	佤	1455	0.999987
3715	湮	1453	0.999987
3716	俞	1452	0.999987
3717	畲	1450	0.999987
3718	绐	1449	0.999987
3719	淖	1446	0.999988
3720	秃	1443	0.999988
3721	匕	1441	0.999988
3722	峥	1436	0.999988
3723	瞳	1419	0.999988
3724	巍	1418	0.999988
3725	弼	1413	0.999988
3726	诏	1407	0.999988
3727	颊	1406	0.999988
3728	霆	1404	0.999989
3729	猿	1401	0.999989
3730	拽	1400	0.999989
3731	圏	1398	0.999989
3732	奕	1397	0.999989
3733	叩	1391	0.999989
3734	珀	1380	0.999989
3735	窜	1379	0.999989
3736	阮	1375	0.999989
3737	矣	1373	0.99999
3738	橙	1371	0.99999
3739	茎	1369	0.99999
3740	蝠	1367	0.99999
3741	蝙	1367	0.99999
3742	堰	1366	0.99999
3743	靑	1364	0.99999
3744	裱	1357	0.99999
3745	茧	1356	0.99999
3746	邑	1353	0.999991
3747	謇	1352	0.999991
3748	馒	1346	0.999991
3749	翱	1343	0.999991
3750	炕	1339	0.999991
3751	衢	1335	0.999991
3752	祠	1334	0.999991
3753	鲨	1325	0.999991
3754	踞	1325	0.999991
3755	肛	1324	0.999992
3756	楞	1324	0.999992
3757	瘸	1314	0.999992
3758	琪	1314	0.999992
3759	刁	1307	0.999992
3760	撩	1306	0.999992
3761	羲	1304	0.999992
3762	経	1304	0.999992
3763	袤	1290	0.999992
3764	徭	1270	0.999992
3765	恃	1269	0.999993
3766	絮	1268	0.999993
3767	滕	1259	0.999993
3768	変	1257	0.999993
3769	嘀	1255	0.999993
3770	咕	1255	0.999993
3771	嘶	1251	0.999993
3772	缰	1247	0.999993
3773	骰	1243	0.999993
3774	雍	1243	0.999993
3775	沈	1243	0.999994
3776	琏	1242	0.999994
3777	龟	1233	0.999994
3778	腑	1228	0.999994
3779	熄	1228	0.999994
3780	晖	1221	0.999994
3781	訳	1215	0.999994
3782	椰	1212	0.999994
3783	嗯	1212	0.999994
3784	馀	1211	0.999994
3785	亊	1207	0.999995
3786	耆	1206	0.999995
3787	豚	1201	0.999995
3788	媾	1192	0.999995
3789	発	1185	0.999995
3790	葱	1183	0.999995
3791	涣	1182	0.999995
3792	褶	1177	0.999995
3793	啜	1177	0.999995
3794	赓	1171	0.999995
3795	鱿	1169	0.999995
3796	惭	1166	0.999996
3797	俏	1156	0.999996
3798	龛	1148	0.999996
3799	茔	1145	0.999996
3800	猥	1137	0.999996
3801	匣	1136	0.999996
3802	霹	1129	0.999996
3803	雳	1129	0.999996
3804	曦	1127	0.999996
3805	僳	1119	0.999996
3806	佬	1117	0.999996
3807	猬	1094	0.999997
3808	纾	1090	0.999997
3809	醋	1089	0.999997
3810	舷	1080	0.999997
3811	铣	1077	0.999997
3812	亳	1071	0.999997
3813	烃	1069	0.999997
3814	黝	1068	0.999997
3815	婢	1068	0.999997
3816	痔	1065	0.999997
3817	驿	1064	0.999997
3818	饷	1059	0.999998
3819	夂	1058	0.999998
3820	蹒	1056	0.999998
3821	跚	1056	0.999998
3822	掐	1055	0.999998
3823	馏	1050	0.999998
3824	権	1050	0.999998
3825	曜	1050	0.999998
3826	撮	1044	0.999998
3827	卅	1044	0.999998
3828	捜	1041	0.999998
3829	钛	1040	0.999998
3830	蜷	1036	0.999999
3831	蜴	1035	0.999999
3832	蜥	1035	0.999999
3833	夙	1033	0.999999
3834	珈	1030	0.999999
3835	碁	1029	0.999999
3836	绊	1023	0.999999
3837	繇	1023	0.999999
3838	腮	1016	0.999999
3839	剁	1016	0.999999
3840	赳	1013	0.999999
3841	惚	1011	0.999999
3842	哟	1008	1
3843	孳	1005	1
3844	锰	1004	1
3845	钧	1004	1
3846	辕	1003	1
3847	済	1002	1
3848	劢	1001	1
